#mu,eb,a_crit
0.020,0.46,3.03
0.010,0.23,2.11
0.001,0.00,1.31
0.100,0.22,2.77
0.050,0.11,2.14
0.060,0.34,3.13
0.070,0.57,3.78
0.110,0.45,3.55
0.030,0.69,3.77
0.080,0.80,4.17
0.010,0.24,2.12
0.110,0.46,3.56
0.060,0.35,3.13
0.020,0.47,3.02
0.001,0.01,1.32
0.030,0.70,3.77
0.050,0.12,2.17
0.100,0.23,2.78
0.070,0.58,3.80
0.090,0.00,1.96
0.110,0.47,3.78
0.060,0.36,3.14
0.010,0.25,2.12
0.030,0.71,3.77
0.020,0.48,3.03
0.050,0.13,2.20
0.070,0.59,3.80
0.100,0.24,2.79
0.001,0.02,1.32
0.110,0.48,3.78
0.060,0.37,3.15
0.090,0.01,2.14
0.010,0.26,2.12
0.030,0.72,3.77
0.020,0.49,3.03
0.050,0.14,2.21
0.070,0.60,3.80
0.100,0.25,3.03
0.001,0.03,1.34
0.110,0.49,3.78
0.060,0.38,3.17
0.030,0.73,3.78
0.020,0.50,3.05
0.090,0.02,2.18
0.010,0.27,2.13
0.050,0.15,2.21
0.001,0.04,1.37
0.070,0.61,3.83
0.100,0.26,3.06
0.020,0.51,3.06
0.110,0.50,3.79
0.030,0.74,3.78
0.090,0.03,2.19
0.060,0.39,3.21
0.010,0.28,2.13
0.001,0.05,1.42
0.050,0.16,2.22
0.070,0.62,3.85
0.020,0.52,3.16
0.100,0.27,3.06
0.030,0.75,3.78
0.060,0.40,3.40
0.090,0.04,2.19
0.110,0.51,3.80
0.001,0.06,1.42
0.010,0.29,2.15
0.050,0.17,2.30
0.020,0.53,3.16
0.070,0.63,3.88
0.100,0.28,3.09
0.030,0.76,3.79
0.060,0.41,3.40
0.001,0.07,1.43
0.090,0.05,2.19
0.110,0.52,3.80
0.010,0.30,2.15
0.050,0.18,2.35
0.001,0.08,1.44
0.030,0.77,3.79
0.020,0.54,3.16
0.100,0.29,3.10
0.070,0.64,3.89
0.090,0.06,2.19
0.060,0.42,3.41
0.110,0.53,3.80
0.001,0.09,1.46
0.010,0.31,2.16
0.020,0.55,3.20
0.060,0.43,3.41
0.100,0.30,3.15
0.050,0.19,2.60
0.030,0.78,3.79
0.070,0.65,3.89
0.090,0.07,2.19
0.110,0.54,3.81
0.001,0.10,1.47
0.030,0.79,3.83
0.100,0.31,3.15
0.010,0.32,2.17
0.020,0.56,3.40
0.050,0.20,2.60
0.060,0.44,3.42
0.070,0.66,3.89
0.001,0.11,1.47
0.090,0.08,2.21
0.110,0.55,3.83
0.030,0.80,3.85
0.100,0.32,3.16
0.020,0.57,3.40
0.010,0.33,2.17
0.060,0.45,3.42
0.090,0.09,2.22
0.050,0.21,2.61
0.001,0.12,1.48
0.070,0.67,3.89
0.110,0.56,3.83
0.040,0.00,1.89
0.100,0.33,3.19
0.020,0.58,3.40
0.060,0.46,3.45
0.090,0.10,2.22
0.050,0.22,2.62
0.010,0.34,2.21
0.070,0.68,3.90
0.001,0.13,1.49
0.040,0.01,1.89
0.110,0.57,3.83
0.060,0.47,3.48
0.100,0.34,3.22
0.050,0.23,2.62
0.020,0.59,3.40
0.090,0.11,2.30
0.070,0.69,3.89
0.001,0.14,1.56
0.040,0.02,1.93
0.010,0.35,2.21
0.060,0.48,3.51
0.110,0.58,3.86
0.100,0.35,3.41
0.050,0.24,2.63
0.020,0.60,3.40
0.090,0.12,2.31
0.070,0.70,4.13
0.040,0.03,1.98
0.001,0.15,1.57
0.010,0.36,2.35
0.060,0.49,3.51
0.100,0.36,3.41
0.110,0.59,3.89
0.050,0.25,2.66
0.090,0.13,2.32
0.020,0.61,3.40
0.070,0.71,4.13
0.010,0.37,2.35
0.040,0.04,2.14
0.001,0.16,1.57
0.110,0.60,3.89
0.100,0.37,3.42
0.060,0.50,3.52
0.090,0.14,2.60
0.020,0.62,3.41
0.050,0.26,2.67
0.010,0.38,2.35
0.070,0.72,4.13
0.100,0.38,3.42
0.040,0.05,2.14
0.001,0.17,1.58
0.060,0.51,3.55
0.110,0.61,3.89
0.050,0.27,2.69
0.040,0.06,2.09
0.090,0.15,2.61
0.020,0.63,3.42
0.010,0.39,2.59
0.100,0.39,3.43
0.110,0.62,3.92
0.001,0.18,1.60
0.070,0.73,4.14
0.060,0.52,3.57
0.040,0.07,2.10
0.050,0.28,2.76
0.010,0.40,2.59
0.090,0.16,2.63
0.020,0.64,3.41
0.060,0.53,3.57
0.110,0.63,3.91
0.100,0.40,3.45
0.040,0.08,2.12
0.001,0.19,1.62
0.070,0.74,4.14
0.010,0.41,2.60
0.090,0.17,2.63
0.050,0.29,2.76
0.060,0.54,3.77
0.100,0.41,3.47
0.020,0.65,3.42
0.001,0.20,1.65
0.110,0.64,4.15
0.040,0.09,2.13
0.060,0.55,3.77
0.070,0.75,4.14
0.010,0.42,2.61
0.090,0.18,2.67
0.050,0.30,2.77
0.010,0.43,2.61
0.020,0.66,3.43
0.100,0.42,3.51
0.001,0.21,1.73
0.110,0.65,4.15
0.040,0.10,2.13
0.070,0.76,4.15
0.060,0.56,3.77
0.090,0.19,2.68
0.050,0.31,2.78
0.110,0.66,4.15
0.040,0.11,2.13
0.010,0.44,2.60
0.020,0.67,3.51
0.060,0.57,3.78
0.100,0.43,3.52
0.001,0.22,1.75
0.070,0.77,4.15
0.110,0.67,4.15
0.040,0.12,2.14
0.090,0.20,2.70
0.050,0.32,3.02
0.020,0.68,3.52
0.060,0.58,3.78
0.010,0.45,2.62
0.100,0.44,3.53
0.070,0.78,4.15
0.001,0.23,1.77
0.040,0.13,2.16
0.090,0.21,2.75
0.050,0.33,3.04
0.010,0.46,2.62
0.110,0.68,4.16
0.060,0.59,3.78
0.020,0.69,3.51
0.100,0.45,3.55
0.001,0.24,1.78
0.070,0.79,4.15
0.010,0.47,2.63
0.060,0.60,3.79
0.040,0.14,2.14
0.090,0.22,2.77
0.050,0.34,3.04
0.110,0.69,4.16
0.100,0.46,3.55
0.020,0.70,3.52
0.001,0.25,1.78
0.070,0.80,4.16
0.040,0.15,2.17
0.010,0.48,2.63
0.090,0.23,2.77
0.060,0.61,3.80
0.050,0.35,3.07
0.110,0.70,4.16
0.001,0.26,1.79
0.100,0.47,3.77
0.040,0.16,2.21
0.010,0.49,2.63
0.020,0.71,3.52
0.090,0.24,2.77
0.080,0.00,1.94
0.060,0.62,3.80
0.050,0.36,3.08
0.001,0.27,1.80
0.110,0.71,4.17
0.100,0.48,3.78
0.040,0.17,2.21
0.090,0.25,2.79
0.010,0.50,2.64
0.020,0.72,3.53
0.080,0.01,2.13
0.060,0.63,3.80
0.110,0.72,4.17
0.001,0.28,1.86
0.050,0.37,3.14
0.100,0.49,3.78
0.040,0.18,2.23
0.010,0.51,2.65
0.020,0.73,3.53
0.090,0.26,2.82
0.080,0.02,2.18
0.110,0.73,4.18
0.060,0.64,3.83
0.001,0.29,1.87
0.100,0.50,3.78
0.010,0.52,2.77
0.050,0.38,3.15
0.090,0.27,3.05
0.040,0.19,2.29
0.020,0.74,3.76
0.080,0.03,2.18
0.110,0.74,4.19
0.060,0.65,3.85
0.010,0.53,2.77
0.100,0.51,3.79
0.001,0.30,1.88
0.090,0.28,3.06
0.050,0.39,3.15
0.040,0.20,2.30
0.080,0.04,2.18
0.020,0.75,3.76
0.110,0.75,4.19
0.060,0.66,3.86
0.010,0.54,2.80
0.001,0.31,1.89
0.100,0.52,3.80
0.080,0.05,2.18
0.050,0.40,3.16
0.090,0.29,3.09
0.020,0.76,3.77
0.040,0.21,2.60
0.010,0.55,2.81
0.060,0.67,3.88
0.001,0.32,1.97
0.110,0.76,4.19
0.100,0.53,3.80
0.080,0.06,2.18
0.090,0.30,3.11
0.050,0.41,3.20
0.020,0.77,3.77
0.010,0.56,3.01
0.110,0.77,4.19
0.060,0.68,3.89
0.040,0.22,2.60
0.001,0.33,1.99
0.100,0.54,3.80
0.050,0.42,3.40
0.080,0.07,2.17
0.020,0.78,3.77
0.010,0.57,3.01
0.090,0.31,3.14
0.110,0.78,4.19
0.040,0.23,2.61
0.060,0.69,3.89
0.001,0.34,2.00
0.100,0.55,3.81
0.050,0.43,3.40
0.080,0.08,2.19
0.090,0.32,3.15
0.020,0.79,3.77
0.010,0.58,3.01
0.040,0.24,2.61
0.060,0.70,3.89
0.050,0.44,3.40
0.110,0.79,4.19
0.100,0.56,3.83
0.001,0.35,2.01
0.080,0.09,2.21
0.050,0.45,3.41
0.020,0.80,3.77
0.090,0.33,3.16
0.001,0.36,2.01
0.010,0.59,3.02
0.040,0.25,2.62
0.060,0.71,3.89
0.110,0.80,4.20
0.100,0.57,3.83
0.080,0.10,2.22
0.050,0.46,3.41
0.010,0.60,3.03
0.030,0.00,1.72
0.090,0.34,3.21
0.040,0.26,2.62
0.001,0.37,2.04
0.120,0.00,2.16
0.060,0.72,4.12
0.100,0.58,3.83
0.010,0.61,3.03
0.050,0.47,3.42
0.080,0.11,2.22
0.030,0.01,1.79
0.040,0.27,2.63
0.001,0.38,2.04
0.090,0.35,3.21
0.120,0.01,2.17
0.060,0.73,4.13
0.100,0.59,3.89
0.080,0.12,2.21
0.010,0.62,3.03
0.050,0.48,3.42
0.040,0.28,2.65
0.001,0.39,2.05
0.030,0.02,1.89
0.060,0.74,4.13
0.100,0.60,3.89
0.050,0.49,3.45
0.090,0.36,3.41
0.080,0.13,2.31
0.120,0.02,2.20
0.010,0.63,3.05
0.060,0.75,4.13
0.001,0.40,2.10
0.030,0.03,1.91
0.040,0.29,2.67
0.100,0.61,3.89
0.050,0.50,3.51
0.080,0.14,2.32
0.090,0.37,3.41
0.120,0.03,2.21
0.060,0.76,4.13
0.010,0.64,3.04
0.080,0.15,2.60
0.050,0.51,3.51
0.001,0.41,2.11
0.090,0.38,3.41
0.040,0.30,2.75
0.030,0.04,1.97
0.100,0.62,3.89
0.120,0.04,2.21
0.060,0.77,4.14
0.010,0.65,3.05
0.001,0.42,2.14
0.120,0.05,2.21
0.050,0.52,3.51
0.080,0.16,2.61
0.090,0.39,3.42
0.030,0.05,2.13
0.040,0.31,2.75
0.100,0.63,3.89
0.001,0.43,2.25
0.010,0.66,3.16
0.120,0.06,2.22
0.080,0.17,2.62
0.090,0.40,3.43
0.060,0.78,4.14
0.050,0.53,3.53
0.030,0.06,2.09
0.100,0.64,4.14
0.040,0.32,2.76
0.001,0.44,2.25
0.090,0.41,3.46
0.120,0.07,2.23
0.010,0.67,3.16
0.050,0.54,3.55
0.080,0.18,2.63
0.060,0.79,4.14
0.090,0.42,3.48
0.030,0.07,2.08
0.100,0.65,4.14
0.001,0.45,2.26
0.040,0.33,2.76
0.120,0.08,2.31
0.080,0.19,2.65
0.010,0.68,3.17
0.050,0.55,3.56
0.060,0.80,4.15
0.090,0.43,3.52
0.030,0.08,2.09
0.001,0.46,2.27
0.120,0.09,2.31
0.100,0.66,4.14
0.040,0.34,2.80
0.080,0.20,2.67
0.050,0.56,3.58
0.010,0.69,3.18
0.001,0.47,2.31
0.030,0.09,2.09
0.120,0.10,2.32
0.070,0.00,1.93
0.090,0.44,3.52
0.100,0.67,4.15
0.040,0.35,3.02
0.080,0.21,2.69
0.050,0.57,3.77
0.010,0.70,3.21
0.001,0.48,2.31
0.070,0.01,1.97
0.120,0.11,2.31
0.030,0.10,2.09
0.090,0.45,3.52
0.040,0.36,3.03
0.100,0.68,4.15
0.050,0.58,3.77
0.010,0.71,3.21
0.030,0.11,2.10
0.080,0.22,2.74
0.001,0.49,2.34
0.120,0.12,2.60
0.070,0.02,2.16
0.040,0.37,3.04
0.050,0.59,3.77
0.090,0.46,3.55
0.030,0.12,2.11
0.100,0.69,4.15
0.010,0.72,3.40
0.080,0.23,2.75
0.001,0.50,2.34
0.120,0.13,2.62
0.070,0.03,2.17
0.030,0.13,2.12
0.040,0.38,3.07
0.050,0.60,3.78
0.080,0.24,2.77
0.090,0.47,3.56
0.100,0.70,4.16
0.010,0.73,3.40
0.001,0.51,2.34
0.070,0.04,2.17
0.120,0.14,2.63
0.080,0.25,2.77
0.040,0.39,3.07
0.030,0.14,2.13
0.050,0.61,3.78
0.090,0.48,3.58
0.100,0.71,4.16
0.070,0.05,2.17
0.010,0.74,3.40
0.001,0.52,2.45
0.120,0.15,2.64
0.080,0.26,2.79
0.050,0.62,3.78
0.030,0.15,2.14
0.040,0.40,3.13
0.070,0.06,2.16
0.001,0.53,2.45
0.090,0.49,3.78
0.100,0.72,4.16
0.010,0.75,3.40
0.080,0.27,2.82
0.120,0.16,2.66
0.070,0.07,2.16
0.030,0.16,2.16
0.040,0.41,3.14
0.050,0.63,3.78
0.001,0.54,2.51
0.120,0.17,2.70
0.090,0.50,3.78
0.070,0.08,2.17
0.100,0.73,4.16
0.010,0.76,3.40
0.030,0.17,2.16
0.050,0.64,3.78
0.080,0.28,3.04
0.040,0.42,3.16
0.001,0.55,2.51
0.120,0.18,2.71
0.090,0.51,3.78
0.070,0.09,2.18
0.030,0.18,2.17
0.040,0.43,3.16
0.050,0.65,3.79
0.100,0.74,4.17
0.120,0.19,2.75
0.010,0.77,3.40
0.080,0.29,3.05
0.001,0.56,2.52
0.090,0.52,3.78
0.070,0.10,2.21
0.050,0.66,3.80
0.030,0.19,2.21
0.040,0.44,3.17
0.080,0.30,3.08
0.010,0.78,3.40
0.120,0.20,2.77
0.100,0.75,4.17
0.001,0.57,2.52
0.090,0.53,3.79
0.010,0.79,3.41
0.050,0.67,3.83
0.070,0.11,2.21
0.040,0.45,3.40
0.030,0.20,2.21
0.100,0.76,4.19
0.120,0.21,2.78
0.080,0.31,3.10
0.001,0.58,2.52
0.010,0.80,3.41
0.070,0.12,2.22
0.030,0.21,2.21
0.090,0.54,3.80
0.050,0.68,3.86
0.001,0.59,2.75
0.120,0.22,2.79
0.080,0.32,3.14
0.040,0.46,3.40
0.100,0.77,4.19
0.070,0.13,2.22
0.020,0.00,1.65
0.030,0.22,2.29
0.050,0.69,3.83
0.090,0.55,3.80
0.120,0.23,2.83
0.001,0.60,2.78
0.080,0.33,3.15
0.040,0.47,3.40
0.100,0.78,4.19
0.070,0.14,2.30
0.030,0.23,2.30
0.001,0.61,2.84
0.020,0.01,1.66
0.090,0.56,3.81
0.050,0.70,3.89
0.100,0.79,4.19
0.080,0.34,3.17
0.120,0.24,3.04
0.040,0.48,3.41
0.070,0.15,2.34
0.030,0.24,2.34
0.001,0.62,2.84
0.090,0.57,3.83
0.120,0.25,3.06
0.020,0.02,1.73
0.100,0.80,4.19
0.050,0.71,3.89
0.070,0.16,2.60
0.040,0.49,3.41
0.080,0.35,3.18
0.001,0.63,2.85
0.030,0.25,2.60
0.090,0.58,3.83
0.070,0.17,2.61
0.020,0.03,1.88
0.120,0.26,3.09
0.110,0.00,2.15
0.080,0.36,3.22
0.040,0.50,3.42
0.050,0.72,3.89
0.090,0.59,3.83
0.020,0.04,1.90
0.030,0.26,2.60
0.110,0.01,2.16
0.001,0.64,2.85
0.070,0.18,2.62
0.120,0.27,3.10
0.080,0.37,3.40
0.040,0.51,3.42
0.050,0.73,3.89
0.020,0.05,1.93
0.090,0.60,3.86
0.030,0.27,2.61
0.001,0.65,2.87
0.110,0.02,2.20
0.050,0.74,3.89
0.070,0.19,2.63
0.040,0.52,3.43
0.120,0.28,3.15
0.080,0.38,3.41
0.020,0.06,1.95
0.090,0.61,3.86
0.030,0.28,2.61
0.001,0.66,2.87
0.050,0.75,4.12
0.020,0.07,2.08
0.110,0.03,2.20
0.070,0.20,2.64
0.120,0.29,3.16
0.040,0.53,3.45
0.080,0.39,3.41
0.030,0.29,2.62
0.050,0.76,4.12
0.090,0.62,3.89
0.001,0.67,2.92
0.020,0.08,2.07
0.110,0.04,2.20
0.070,0.21,2.67
0.120,0.30,3.16
0.040,0.54,3.51
0.080,0.40,3.42
0.090,0.63,3.89
0.030,0.30,2.62
0.020,0.09,2.07
0.001,0.68,2.92
0.110,0.05,2.19
0.050,0.77,4.12
0.070,0.22,2.69
0.040,0.55,3.52
0.080,0.41,3.42
0.120,0.31,3.19
0.090,0.64,3.91
0.020,0.10,2.08
0.001,0.69,2.92
0.030,0.31,2.63
0.110,0.06,2.20
0.040,0.56,3.52
0.050,0.78,4.13
0.080,0.42,3.43
0.070,0.23,2.70
0.090,0.65,3.91
0.120,0.32,3.22
0.020,0.11,2.08
0.030,0.32,2.64
0.001,0.70,2.92
0.050,0.79,4.13
0.110,0.07,2.22
0.040,0.57,3.53
0.080,0.43,3.46
0.070,0.24,2.75
0.120,0.33,3.22
0.090,0.66,4.13
0.001,0.71,2.92
0.030,0.33,2.65
0.050,0.80,4.13
0.020,0.12,2.08
0.070,0.25,2.76
0.080,0.44,3.48
0.110,0.08,2.23
0.040,0.58,3.56
0.120,0.34,3.41
0.090,0.67,4.14
0.001,0.72,2.92
0.020,0.13,2.09
0.060,0.00,1.92
0.030,0.34,2.68
0.040,0.59,3.76
0.070,0.26,2.77
0.080,0.45,3.52
0.110,0.09,2.31
0.090,0.68,4.14
0.120,0.35,3.42
0.001,0.73,2.93
0.020,0.14,2.10
0.070,0.27,2.77
0.040,0.60,3.57
0.060,0.01,1.96
0.030,0.35,2.75
0.090,0.69,4.15
0.110,0.10,2.31
0.080,0.46,3.52
0.070,0.28,2.80
0.120,0.36,3.42
0.001,0.74,2.93
0.020,0.15,2.10
0.080,0.47,3.53
0.060,0.02,2.13
0.040,0.61,3.77
0.030,0.36,2.77
0.090,0.70,4.15
0.110,0.11,2.32
0.070,0.29,3.03
0.120,0.37,3.43
0.001,0.75,2.92
0.020,0.16,2.10
0.080,0.48,3.55
0.040,0.62,3.77
0.060,0.03,2.16
0.070,0.30,3.05
0.030,0.37,2.77
0.090,0.71,4.15
0.110,0.12,2.33
0.120,0.38,3.45
0.001,0.76,2.93
0.020,0.17,2.11
0.080,0.49,3.58
0.030,0.38,2.81
0.040,0.63,3.77
0.060,0.04,2.16
0.090,0.72,4.15
0.070,0.31,3.08
0.110,0.13,2.60
0.001,0.77,2.93
0.120,0.39,3.45
0.090,0.73,4.16
0.080,0.50,3.58
0.020,0.18,2.13
0.030,0.39,3.02
0.070,0.32,3.09
0.040,0.64,3.77
0.060,0.05,2.15
0.110,0.14,2.62
0.001,0.78,2.93
0.080,0.51,3.78
0.090,0.74,4.16
0.120,0.40,3.48
0.030,0.40,3.03
0.060,0.06,2.15
0.020,0.19,2.14
0.040,0.65,3.78
0.070,0.33,3.14
0.110,0.15,2.63
0.090,0.75,4.16
0.080,0.52,3.78
0.120,0.41,3.53
0.001,0.79,2.93
0.060,0.07,2.15
0.030,0.41,3.03
0.040,0.66,3.78
0.020,0.20,2.14
0.090,0.76,4.17
0.110,0.16,2.65
0.070,0.34,3.14
0.060,0.08,2.16
0.001,0.80,3.25
0.080,0.53,3.78
0.120,0.42,3.53
0.090,0.77,4.17
0.020,0.21,2.16
0.030,0.42,3.05
0.040,0.67,3.78
0.010,0.00,1.60
0.060,0.09,2.15
0.110,0.17,2.68
0.070,0.35,3.15
0.080,0.54,3.78
0.090,0.78,4.17
0.120,0.43,3.53
0.030,0.43,3.07
0.040,0.68,3.79
0.020,0.22,2.17
0.010,0.01,1.61
0.070,0.36,3.17
0.060,0.10,2.17
0.110,0.18,2.70
0.080,0.55,3.79
0.090,0.79,4.19
0.030,0.44,3.13
0.120,0.44,3.55
0.020,0.23,2.17
0.040,0.69,3.79
0.110,0.19,2.71
0.010,0.02,1.62
0.090,0.80,4.19
0.070,0.37,3.18
0.060,0.11,2.20
0.080,0.56,3.80
0.020,0.24,2.20
0.040,0.70,3.80
0.120,0.45,3.56
0.030,0.45,3.15
0.110,0.20,2.76
0.010,0.03,1.65
0.020,0.25,2.21
0.100,0.00,1.98
0.080,0.57,3.80
0.070,0.38,3.22
0.060,0.12,2.21
0.030,0.46,3.16
0.110,0.21,2.77
0.120,0.46,3.78
0.040,0.71,3.80
0.010,0.04,1.69
0.020,0.26,2.25
0.060,0.13,2.21
0.100,0.01,2.15
0.030,0.47,3.16
0.040,0.72,3.85
0.080,0.58,3.80
0.070,0.39,3.40
0.120,0.47,3.78
0.110,0.22,2.78
0.020,0.27,2.25
0.030,0.48,3.17
0.060,0.14,2.22
0.010,0.05,1.72
0.100,0.02,2.19
0.040,0.73,3.85
0.070,0.40,3.41
0.110,0.23,2.81
0.080,0.59,3.83
0.120,0.48,3.79
0.020,0.28,2.33
0.100,0.03,2.19
0.070,0.41,3.41
0.060,0.15,2.30
0.110,0.24,3.03
0.030,0.49,3.40
0.010,0.06,1.78
0.120,0.49,3.79
0.040,0.74,3.88
0.020,0.29,2.34
0.080,0.60,3.83
0.100,0.04,2.19
0.040,0.75,3.86
0.060,0.16,2.30
0.110,0.25,3.04
0.120,0.50,3.79
0.030,0.50,3.40
0.020,0.30,2.60
0.070,0.42,3.42
0.010,0.07,1.87
0.080,0.61,3.86
0.100,0.05,2.20
0.060,0.17,2.60
0.120,0.51,3.80
0.030,0.51,3.40
0.110,0.26,3.06
0.040,0.76,3.86
0.080,0.62,3.89
0.020,0.31,2.60
0.070,0.43,3.43
0.010,0.08,1.88
0.060,0.18,2.60
0.120,0.52,3.80
0.110,0.27,3.09
0.100,0.06,2.20
0.030,0.52,3.41
0.080,0.63,3.89
0.020,0.32,2.61
0.070,0.44,3.43
0.040,0.77,3.88
0.010,0.09,1.90
0.060,0.19,2.61
0.120,0.53,3.81
0.110,0.28,3.11
0.030,0.53,3.40
0.080,0.64,3.89
0.100,0.07,2.22
0.010,0.10,1.94
0.020,0.33,2.61
0.040,0.78,3.89
0.070,0.45,3.46
0.100,0.08,2.23
0.120,0.54,3.83
0.110,0.29,3.15
0.060,0.20,2.62
0.020,0.34,2.61
0.040,0.79,4.11
0.010,0.11,1.95
0.030,0.54,3.41
0.080,0.65,3.89
0.070,0.46,3.51
0.100,0.09,2.23
0.120,0.55,3.83
0.110,0.30,3.15
0.040,0.80,4.12
0.060,0.21,2.63
0.020,0.35,2.62
0.010,0.12,1.96
0.080,0.66,3.89
0.030,0.55,3.41
0.070,0.47,3.52
0.100,0.10,2.30
0.050,0.00,1.90
0.120,0.56,3.84
0.110,0.31,3.16
0.060,0.22,2.65
0.080,0.67,3.91
0.020,0.36,2.62
0.010,0.13,2.08
0.100,0.11,2.31
0.050,0.01,1.92
0.030,0.56,3.42
0.070,0.48,3.52
0.080,0.68,4.13
0.060,0.23,2.66
0.110,0.32,3.18
0.120,0.57,3.85
0.020,0.37,2.63
0.100,0.12,2.32
0.050,0.02,1.99
0.070,0.49,3.55
0.010,0.14,2.08
0.030,0.57,3.45
0.060,0.24,2.68
0.120,0.58,3.89
0.020,0.38,2.63
0.080,0.69,4.14
0.110,0.33,3.22
0.070,0.50,3.57
0.100,0.13,2.60
0.120,0.59,3.89
0.050,0.03,2.15
0.010,0.15,2.09
0.030,0.58,3.51
0.060,0.25,2.74
0.080,0.70,4.14
0.020,0.39,2.65
0.110,0.34,3.41
0.070,0.51,3.58
0.100,0.14,2.61
0.010,0.16,2.09
0.120,0.60,3.89
0.060,0.26,2.75
0.020,0.40,2.75
0.080,0.71,4.14
0.050,0.04,2.15
0.030,0.59,3.51
0.110,0.35,3.41
0.070,0.52,3.77
0.080,0.72,4.15
0.060,0.27,2.76
0.010,0.17,2.09
0.100,0.15,2.62
0.120,0.61,3.91
0.020,0.41,2.77
0.050,0.05,2.14
0.030,0.60,3.51
0.110,0.36,3.42
0.070,0.53,3.77
0.060,0.28,2.77
0.080,0.73,4.15
0.010,0.18,2.10
0.020,0.42,2.78
0.120,0.62,4.14
0.030,0.61,3.52
0.100,0.16,2.64
0.110,0.37,3.42
0.050,0.06,2.14
0.070,0.54,3.78
0.030,0.62,3.53
0.060,0.29,2.78
0.080,0.74,4.15
0.020,0.43,2.80
0.010,0.19,2.10
0.120,0.63,4.15
0.070,0.55,3.78
0.100,0.17,2.67
0.050,0.07,2.14
0.030,0.63,3.53
0.110,0.38,3.43
0.080,0.75,4.15
0.060,0.30,3.03
0.020,0.44,2.80
0.010,0.20,2.10
0.070,0.56,3.78
0.120,0.64,4.15
0.100,0.18,2.68
0.050,0.08,2.14
0.060,0.31,3.03
0.030,0.64,3.56
0.110,0.39,3.45
0.080,0.76,4.16
0.020,0.45,3.02
0.010,0.21,2.11
0.120,0.65,4.15
0.120,0.68,4.16
0.050,0.09,2.14
0.060,0.32,3.05
0.030,0.65,3.76
0.100,0.19,2.70
0.110,0.40,3.47
0.120,0.66,4.16
0.080,0.77,4.16
0.010,0.22,2.11
0.140,0.10,2.31
0.050,0.10,2.15
0.100,0.20,2.71
0.120,0.67,4.16
0.030,0.66,3.77
0.120,0.69,4.17
0.060,0.33,3.07
0.080,0.78,4.16
0.110,0.41,3.51
0.160,0.56,3.87
0.170,0.79,4.49
0.150,0.33,3.42
0.140,0.11,2.61
0.190,0.21,3.05
0.100,0.21,2.77
0.080,0.79,4.17
0.030,0.67,3.77
0.120,0.70,4.17
0.110,0.42,3.53
0.160,0.57,3.89
0.200,0.44,3.59
0.120,0.71,4.19
0.170,0.80,4.49
0.150,0.34,3.43
0.140,0.12,2.62
0.030,0.68,3.77
0.190,0.22,3.07
0.210,0.67,4.19
0.110,0.43,3.53
0.160,0.58,3.92
0.120,0.72,4.19
0.180,0.00,2.19
0.140,0.13,2.64
0.150,0.35,3.43
0.230,0.09,2.63
0.200,0.45,3.80
0.160,0.59,3.92
0.190,0.23,3.10
0.210,0.68,4.19
0.110,0.44,3.54
0.120,0.73,4.19
0.230,0.10,2.64
0.150,0.36,3.45
0.180,0.01,2.22
0.140,0.14,2.64
0.200,0.46,3.81
0.160,0.60,3.92
0.190,0.24,3.11
0.120,0.74,4.19
0.210,0.69,4.19
0.240,0.32,3.44
0.230,0.11,2.65
0.180,0.02,2.24
0.150,0.37,3.47
0.140,0.15,2.65
0.210,0.70,4.19
0.190,0.25,3.13
0.200,0.47,3.83
0.120,0.75,4.19
0.160,0.61,4.16
0.240,0.33,3.46
0.230,0.12,2.66
0.150,0.38,3.48
0.180,0.03,2.24
0.210,0.71,4.20
0.140,0.16,2.71
0.190,0.26,3.17
0.120,0.76,4.19
0.200,0.48,3.83
0.230,0.13,2.67
0.160,0.62,4.16
0.210,0.72,4.21
0.240,0.34,3.46
0.150,0.39,3.50
0.180,0.04,2.26
0.120,0.77,4.19
0.140,0.17,2.72
0.200,0.49,3.83
0.190,0.27,3.18
0.160,0.63,4.17
0.230,0.14,2.68
0.240,0.35,3.46
0.210,0.73,4.23
0.150,0.40,3.51
0.200,0.50,3.83
0.180,0.05,2.25
0.160,0.64,4.17
0.140,0.18,2.76
0.120,0.78,4.20
0.230,0.15,2.69
0.240,0.36,3.47
0.190,0.28,3.19
0.200,0.51,3.83
0.210,0.74,4.26
0.150,0.41,3.55
0.140,0.19,2.78
0.160,0.65,4.19
0.180,0.06,2.31
0.120,0.79,4.20
0.190,0.29,3.21
0.230,0.16,2.70
0.240,0.37,3.49
0.210,0.75,4.26
0.200,0.52,3.84
0.150,0.42,3.55
0.160,0.66,4.19
0.230,0.17,2.71
0.140,0.20,2.79
0.180,0.07,2.33
0.240,0.38,3.51
0.190,0.30,3.24
0.210,0.76,4.26
0.120,0.80,4.21
0.200,0.53,3.84
0.150,0.43,3.56
0.230,0.18,2.81
0.160,0.67,4.19
0.210,0.77,4.26
0.190,0.31,3.42
0.180,0.08,2.32
0.140,0.21,2.82
0.240,0.39,3.53
0.130,0.00,2.16
0.230,0.19,2.85
0.210,0.78,4.26
0.150,0.44,3.58
0.200,0.54,3.84
0.140,0.22,2.83
0.180,0.09,2.61
0.190,0.32,3.43
0.160,0.68,4.19
0.240,0.40,3.54
0.130,0.01,2.18
0.210,0.79,4.28
0.230,0.20,2.87
0.240,0.41,3.57
0.140,0.23,3.04
0.150,0.45,3.79
0.200,0.55,3.85
0.180,0.10,2.62
0.190,0.33,3.43
0.160,0.69,4.19
0.130,0.02,2.22
0.230,0.21,3.08
0.210,0.80,4.33
0.240,0.42,3.58
0.140,0.24,3.06
0.180,0.11,2.63
0.150,0.46,3.79
0.200,0.56,3.85
0.190,0.34,3.44
0.160,0.70,4.19
0.130,0.03,2.21
0.240,0.43,3.58
0.150,0.47,3.80
0.220,0.00,2.21
0.230,0.22,3.10
0.180,0.12,2.64
0.200,0.57,3.89
0.140,0.25,3.10
0.160,0.71,4.20
0.190,0.35,3.45
0.130,0.04,2.21
0.240,0.44,3.59
0.150,0.48,3.80
0.220,0.01,2.26
0.180,0.13,2.65
0.230,0.23,3.11
0.200,0.58,3.89
0.140,0.26,3.11
0.160,0.72,4.20
0.190,0.36,3.46
0.240,0.45,3.81
0.130,0.05,2.22
0.150,0.49,3.80
0.220,0.02,2.25
0.240,0.46,3.83
0.180,0.14,2.66
0.230,0.24,3.13
0.140,0.27,3.15
0.190,0.37,3.48
0.200,0.59,4.14
0.160,0.73,4.21
0.130,0.06,2.22
0.220,0.03,2.27
0.150,0.50,3.83
0.180,0.15,2.66
0.240,0.47,3.83
0.230,0.25,3.17
0.140,0.28,3.16
0.190,0.38,3.51
0.200,0.60,3.89
0.160,0.74,4.21
0.180,0.16,2.68
0.150,0.51,3.83
0.130,0.07,2.24
0.220,0.04,2.26
0.240,0.48,3.83
0.180,0.17,2.68
0.190,0.39,3.52
0.230,0.26,3.18
0.130,0.08,2.31
0.140,0.29,3.17
0.200,0.61,4.15
0.160,0.75,4.22
0.150,0.52,3.83
0.180,0.18,2.69
0.220,0.05,2.33
0.240,0.49,3.84
0.160,0.76,4.22
0.130,0.09,2.32
0.190,0.40,3.55
0.230,0.27,3.19
0.200,0.62,4.15
0.150,0.53,3.83
0.140,0.30,3.19
0.180,0.19,2.80
0.240,0.50,3.84
0.220,0.06,2.35
0.230,0.28,3.21
0.190,0.41,3.56
0.160,0.77,4.22
0.140,0.31,3.22
0.200,0.63,4.16
0.130,0.10,2.31
0.150,0.54,3.83
0.180,0.20,2.84
0.220,0.07,2.33
0.240,0.51,3.84
0.150,0.55,3.85
0.230,0.29,3.22
0.160,0.78,4.48
0.190,0.42,3.57
0.130,0.11,2.60
0.140,0.32,3.23
0.180,0.21,3.04
0.200,0.64,4.17
0.220,0.08,2.36
0.240,0.52,3.84
0.150,0.56,3.85
0.230,0.30,3.26
0.160,0.79,4.48
0.130,0.12,2.62
0.200,0.65,4.19
0.140,0.33,3.42
0.190,0.43,3.57
0.180,0.22,3.07
0.220,0.09,2.63
0.240,0.53,3.85
0.150,0.57,3.89
0.230,0.31,3.43
0.130,0.13,2.63
0.140,0.34,3.42
0.160,0.80,4.48
0.200,0.66,4.19
0.190,0.44,3.80
0.240,0.54,3.85
0.180,0.23,3.10
0.220,0.10,2.64
0.230,0.32,3.44
0.150,0.58,3.91
0.130,0.14,2.64
0.140,0.35,3.43
0.240,0.55,3.86
0.170,0.00,2.19
0.190,0.45,3.80
0.200,0.67,4.19
0.220,0.11,2.65
0.230,0.33,3.45
0.180,0.24,3.11
0.140,0.36,3.43
0.130,0.15,2.64
0.150,0.59,3.92
0.240,0.56,3.86
0.170,0.01,2.21
0.220,0.12,2.65
0.200,0.68,4.20
0.190,0.46,3.80
0.180,0.25,3.13
0.140,0.37,3.45
0.230,0.34,3.46
0.150,0.60,3.92
0.130,0.16,2.69
0.220,0.13,2.66
0.240,0.57,3.89
0.170,0.02,2.23
0.200,0.69,4.20
0.190,0.47,3.83
0.220,0.14,2.67
0.230,0.35,3.46
0.140,0.38,3.48
0.180,0.26,3.16
0.150,0.61,3.92
0.130,0.17,2.71
0.240,0.58,3.89
0.170,0.03,2.23
0.220,0.15,2.68
0.200,0.70,4.20
0.180,0.27,3.17
0.190,0.48,3.83
0.230,0.36,3.47
0.130,0.18,2.75
0.170,0.04,2.24
0.150,0.62,4.16
0.140,0.39,3.48
0.240,0.59,3.90
0.220,0.16,2.69
0.180,0.28,3.18
0.200,0.71,4.21
0.190,0.49,3.83
0.230,0.37,3.49
0.150,0.63,4.16
0.170,0.05,2.26
0.130,0.19,2.77
0.140,0.40,3.53
0.240,0.60,3.90
0.220,0.17,2.70
0.180,0.29,3.21
0.200,0.72,4.21
0.170,0.06,2.25
0.190,0.50,3.83
0.150,0.64,4.17
0.130,0.20,2.78
0.220,0.18,2.81
0.140,0.41,3.54
0.180,0.30,3.24
0.230,0.38,3.51
0.240,0.61,3.92
0.200,0.73,4.23
0.130,0.21,2.79
0.170,0.07,2.33
0.220,0.19,2.85
0.150,0.65,4.17
0.240,0.62,4.17
0.190,0.51,3.83
0.230,0.39,3.53
0.180,0.31,3.24
0.140,0.42,3.55
0.200,0.74,4.23
0.220,0.20,2.85
0.130,0.22,2.82
0.170,0.08,2.32
0.150,0.66,4.19
0.240,0.63,4.17
0.200,0.75,4.23
0.230,0.40,3.54
0.190,0.52,3.84
0.180,0.32,3.43
0.140,0.43,3.55
0.220,0.21,3.07
0.200,0.76,4.26
0.170,0.09,2.31
0.130,0.23,2.84
0.150,0.67,4.19
0.240,0.64,4.19
0.230,0.41,3.57
0.190,0.53,3.84
0.180,0.33,3.43
0.140,0.44,3.56
0.220,0.22,3.08
0.200,0.77,4.32
0.180,0.34,3.44
0.170,0.10,2.61
0.150,0.68,4.19
0.130,0.24,3.06
0.240,0.65,4.19
0.230,0.42,3.58
0.220,0.23,3.11
0.190,0.54,3.84
0.140,0.45,3.78
0.200,0.78,4.27
0.180,0.35,3.45
0.150,0.69,4.19
0.170,0.11,2.63
0.130,0.25,3.08
0.240,0.66,4.19
0.200,0.79,4.34
0.140,0.46,3.79
0.220,0.24,3.13
0.180,0.36,3.47
0.190,0.55,3.85
0.230,0.43,3.59
0.150,0.70,4.19
0.170,0.12,2.64
0.140,0.47,3.79
0.190,0.56,3.85
0.130,0.26,3.09
0.200,0.80,4.33
0.220,0.25,3.17
0.240,0.67,4.19
0.180,0.37,3.47
0.230,0.44,3.59
0.150,0.71,4.19
0.140,0.48,3.80
0.170,0.13,2.65
0.220,0.26,3.18
0.190,0.57,3.89
0.240,0.68,4.19
0.130,0.27,3.11
0.210,0.00,2.21
0.180,0.38,3.49
0.230,0.45,3.81
0.150,0.72,4.20
0.140,0.49,3.80
0.240,0.69,4.20
0.220,0.27,3.19
0.170,0.14,2.65
0.190,0.58,3.90
0.180,0.39,3.52
0.130,0.28,3.16
0.210,0.01,2.25
0.230,0.46,3.83
0.240,0.70,4.20
0.150,0.73,4.20
0.140,0.50,3.80
0.220,0.28,3.21
0.170,0.15,2.66
0.190,0.59,3.92
0.230,0.47,3.83
0.220,0.29,3.22
0.180,0.40,3.55
0.140,0.51,3.83
0.130,0.29,3.16
0.210,0.02,2.26
0.240,0.71,4.21
0.150,0.74,4.21
0.190,0.60,4.14
0.230,0.48,3.83
0.170,0.16,2.67
0.180,0.41,3.55
0.140,0.52,3.83
0.220,0.30,3.25
0.190,0.61,4.15
0.150,0.75,4.21
0.130,0.30,3.18
0.210,0.03,2.26
0.240,0.72,4.21
0.230,0.49,3.83
0.140,0.53,3.83
0.170,0.17,2.68
0.190,0.62,4.16
0.180,0.42,3.56
0.210,0.04,2.27
0.150,0.76,4.21
0.220,0.31,3.43
0.240,0.73,4.22
0.130,0.31,3.22
0.230,0.50,3.84
0.190,0.63,4.16
0.140,0.54,3.83
0.180,0.43,3.57
0.170,0.18,2.79
0.220,0.32,3.43
0.210,0.05,2.26
0.150,0.77,4.22
0.240,0.74,4.22
0.190,0.64,4.17
0.130,0.32,3.23
0.230,0.51,3.84
0.140,0.55,3.85
0.170,0.19,2.79
0.180,0.44,3.80
0.150,0.78,4.22
0.220,0.33,3.45
0.210,0.06,2.35
0.240,0.75,4.23
0.190,0.65,4.19
0.130,0.33,3.41
0.230,0.52,3.84
0.140,0.56,3.85
0.180,0.45,3.80
0.170,0.20,2.83
0.150,0.79,4.22
0.220,0.34,3.45
0.210,0.07,2.33
0.240,0.76,4.23
0.230,0.53,3.85
0.190,0.66,4.19
0.140,0.57,3.86
0.180,0.46,3.80
0.130,0.34,3.42
0.170,0.21,2.84
0.150,0.80,4.48
0.210,0.08,2.33
0.220,0.35,3.46
0.230,0.54,3.85
0.240,0.77,4.23
0.190,0.67,4.19
0.140,0.58,3.90
0.180,0.47,3.83
0.130,0.35,3.42
0.210,0.09,2.62
0.170,0.22,3.05
0.220,0.36,3.47
0.160,0.00,2.18
0.230,0.55,3.85
0.190,0.68,4.20
0.240,0.78,4.26
0.140,0.59,3.90
0.180,0.48,3.83
0.130,0.36,3.43
0.210,0.10,2.63
0.220,0.37,3.49
0.170,0.23,3.07
0.160,0.01,2.20
0.230,0.56,3.87
0.190,0.69,4.20
0.140,0.60,3.92
0.180,0.49,3.83
0.240,0.79,4.27
0.130,0.37,3.44
0.210,0.11,2.64
0.230,0.57,3.89
0.220,0.38,3.51
0.170,0.24,3.10
0.160,0.02,2.23
0.190,0.70,4.21
0.140,0.61,3.92
0.240,0.80,4.27
0.210,0.12,2.65
0.180,0.50,3.83
0.130,0.38,3.45
0.170,0.25,3.12
0.220,0.39,3.51
0.230,0.58,3.89
0.250,0.00,2.22
0.210,0.13,2.66
0.160,0.03,2.24
0.190,0.71,4.21
0.180,0.51,3.83
0.140,0.62,4.15
0.130,0.39,3.48
0.170,0.26,3.16
0.190,0.72,4.22
0.230,0.59,3.89
0.220,0.40,3.56
0.210,0.14,2.67
0.250,0.01,2.27
0.140,0.63,4.16
0.180,0.52,3.83
0.160,0.04,2.23
0.130,0.40,3.48
0.190,0.73,4.22
0.170,0.27,3.17
0.220,0.41,3.56
0.230,0.60,3.90
0.210,0.15,2.68
0.140,0.64,4.16
0.180,0.53,3.84
0.130,0.41,3.53
0.250,0.02,2.26
0.160,0.05,2.23
0.170,0.28,3.18
0.220,0.42,3.58
0.190,0.74,4.23
0.230,0.61,3.90
0.130,0.42,3.54
0.210,0.16,2.69
0.140,0.65,4.16
0.250,0.03,2.28
0.180,0.54,3.84
0.170,0.29,3.21
0.160,0.06,2.26
0.190,0.75,4.33
0.220,0.43,3.58
0.210,0.17,2.70
0.130,0.43,3.55
0.230,0.62,4.16
0.140,0.66,4.17
0.170,0.30,3.23
0.180,0.55,3.84
0.250,0.04,2.27
0.160,0.07,2.32
0.130,0.44,3.55
0.170,0.31,3.23
0.190,0.76,4.23
0.220,0.44,3.60
0.210,0.18,2.80
0.250,0.05,2.35
0.230,0.63,4.17
0.140,0.67,4.18
0.160,0.08,2.32
0.180,0.56,3.89
0.130,0.45,3.58
0.190,0.77,4.34
0.170,0.32,3.42
0.210,0.19,2.84
0.220,0.45,3.81
0.250,0.05,2.35
0.230,0.64,4.17
0.140,0.68,4.19
0.160,0.09,2.31
0.180,0.57,3.87
0.130,0.46,3.78
0.190,0.78,4.35
0.170,0.33,3.43
0.230,0.65,4.19
0.210,0.20,2.85
0.220,0.46,3.81
0.160,0.10,2.61
0.250,0.06,2.35
0.140,0.69,4.19
0.180,0.58,3.89
0.130,0.47,3.79
0.190,0.79,4.32
0.170,0.34,3.43
0.230,0.66,4.19
0.210,0.21,3.06
0.220,0.47,3.83
0.250,0.07,2.34
0.160,0.11,2.62
0.130,0.48,3.79
0.140,0.70,4.19
0.190,0.80,4.35
0.180,0.59,3.92
0.230,0.67,4.19
0.210,0.22,3.08
0.170,0.35,3.45
0.220,0.48,3.83
0.160,0.12,2.63
0.140,0.71,4.19
0.250,0.08,2.63
0.130,0.49,3.80
0.220,0.49,3.83
0.200,0.00,2.20
0.180,0.60,3.92
0.230,0.68,4.19
0.140,0.72,4.19
0.170,0.36,3.46
0.210,0.23,3.11
0.160,0.13,2.64
0.250,0.09,2.64
0.180,0.61,4.16
0.130,0.50,3.80
0.140,0.73,4.19
0.220,0.50,3.83
0.200,0.01,2.24
0.170,0.37,3.47
0.230,0.69,4.19
0.160,0.14,2.65
0.210,0.24,3.12
0.250,0.10,2.65
0.180,0.62,4.16
0.130,0.51,3.80
0.140,0.74,4.20
0.220,0.51,3.84
0.200,0.02,2.25
0.210,0.25,3.17
0.170,0.38,3.49
0.230,0.70,4.19
0.160,0.15,2.66
0.130,0.52,3.83
0.250,0.11,2.66
0.140,0.75,4.20
0.180,0.63,4.17
0.170,0.39,3.51
0.220,0.52,3.84
0.230,0.71,4.20
0.210,0.26,3.18
0.200,0.03,2.25
0.180,0.64,4.19
0.130,0.53,3.83
0.140,0.76,4.21
0.160,0.16,2.67
0.250,0.12,2.67
0.170,0.40,3.55
0.230,0.72,4.21
0.220,0.53,3.84
0.210,0.27,3.18
0.180,0.65,4.19
0.200,0.04,2.26
0.140,0.77,4.21
0.130,0.54,3.83
0.250,0.13,2.67
0.170,0.41,3.55
0.230,0.73,4.23
0.160,0.17,2.67
0.220,0.54,3.85
0.130,0.55,3.84
0.250,0.14,2.69
0.210,0.28,3.21
0.180,0.66,4.19
0.140,0.78,4.22
0.200,0.05,2.32
0.230,0.74,4.23
0.170,0.42,3.56
0.130,0.56,3.85
0.160,0.18,2.78
0.250,0.15,2.70
0.200,0.06,2.33
0.220,0.55,3.85
0.210,0.29,3.22
0.180,0.67,4.19
0.140,0.79,4.22
0.130,0.57,3.85
0.250,0.16,2.70
0.170,0.43,3.57
0.230,0.75,4.23
0.200,0.07,2.33
0.160,0.19,2.79
0.220,0.56,3.86
0.210,0.30,3.42
0.130,0.58,3.86
0.140,0.80,4.22
0.180,0.68,4.20
0.170,0.44,3.59
0.250,0.17,2.71
0.230,0.76,4.23
0.220,0.57,3.89
0.130,0.59,3.89
0.200,0.08,2.32
0.160,0.20,2.80
0.150,0.00,2.17
0.180,0.69,4.20
0.210,0.31,3.43
0.250,0.18,2.82
0.170,0.45,3.80
0.230,0.77,4.23
0.130,0.60,3.91
0.200,0.09,2.62
0.220,0.58,3.89
0.160,0.21,2.83
0.150,0.01,2.20
0.180,0.70,4.20
0.210,0.32,3.43
0.170,0.46,3.80
0.200,0.10,2.63
0.250,0.19,2.86
0.230,0.78,4.26
0.220,0.59,3.89
0.130,0.61,3.92
0.150,0.02,2.22
0.180,0.71,4.21
0.160,0.22,3.05
0.210,0.33,3.44
0.220,0.60,3.91
0.250,0.20,3.06
0.170,0.47,3.80
0.200,0.11,2.64
0.230,0.79,4.23
0.180,0.72,4.21
0.130,0.62,4.15
0.150,0.03,2.22
0.160,0.23,3.07
0.220,0.61,4.16
0.170,0.48,3.81
0.210,0.34,3.45
0.250,0.21,3.09
0.180,0.73,4.22
0.200,0.12,2.65
0.230,0.80,4.27
0.130,0.63,4.15
0.160,0.24,3.09
0.170,0.49,3.83
0.150,0.04,2.24
0.220,0.62,4.16
0.210,0.35,3.46
0.250,0.22,3.11
0.180,0.74,4.22
0.160,0.25,3.11
0.200,0.13,2.66
0.170,0.50,3.83
0.150,0.05,2.23
0.240,0.00,2.22
0.130,0.64,4.16
0.210,0.36,3.48
0.220,0.63,4.16
0.180,0.75,4.22
0.250,0.23,3.12
0.160,0.26,3.16
0.240,0.01,2.27
0.200,0.14,2.67
0.170,0.51,3.83
0.150,0.06,2.23
0.130,0.65,4.16
0.160,0.27,3.16
0.210,0.37,3.48
0.220,0.64,4.17
0.180,0.76,4.23
0.250,0.24,3.14
0.150,0.07,2.24
0.240,0.02,2.27
0.200,0.15,2.67
0.170,0.52,3.83
0.130,0.66,4.16
0.180,0.77,4.23
0.210,0.38,3.51
0.160,0.28,3.17
0.150,0.08,2.32
0.220,0.65,4.17
0.250,0.25,3.18
0.240,0.03,2.26
0.210,0.39,3.52
0.170,0.53,3.83
0.180,0.78,4.49
0.160,0.29,3.21
0.130,0.67,4.17
0.200,0.16,2.68
0.150,0.09,2.32
0.220,0.66,4.19
0.250,0.26,3.19
0.170,0.54,3.84
0.210,0.40,3.56
0.240,0.04,2.29
0.180,0.79,4.49
0.160,0.30,3.23
0.200,0.17,2.69
0.130,0.68,4.17
0.150,0.10,2.32
0.250,0.27,3.21
0.220,0.67,4.19
0.170,0.55,3.84
0.210,0.41,3.57
0.240,0.05,2.34
0.180,0.80,4.49
0.160,0.31,3.23
0.200,0.18,2.70
0.170,0.56,3.86
0.130,0.69,4.17
0.150,0.11,2.61
0.250,0.28,3.22
0.220,0.68,4.19
0.190,0.00,2.20
0.210,0.42,3.57
0.240,0.06,2.35
0.160,0.32,3.42
0.130,0.70,4.19
0.170,0.57,3.89
0.200,0.19,2.84
0.220,0.69,4.19
0.150,0.12,2.63
0.250,0.29,3.23
0.240,0.07,2.33
0.160,0.33,3.42
0.130,0.71,4.19
0.190,0.01,2.23
0.210,0.43,3.58
0.200,0.20,2.85
0.220,0.70,4.19
0.170,0.58,3.89
0.250,0.30,3.26
0.240,0.08,2.63
0.150,0.13,2.64
0.210,0.44,3.59
0.130,0.72,4.19
0.160,0.34,3.43
0.190,0.02,2.24
0.250,0.31,3.43
0.220,0.71,4.20
0.200,0.21,3.06
0.210,0.45,3.81
0.240,0.09,2.64
0.170,0.59,3.92
0.190,0.03,2.24
0.130,0.73,4.19
0.150,0.14,2.65
0.220,0.72,4.20
0.250,0.32,3.44
0.160,0.35,3.44
0.200,0.22,3.08
0.240,0.10,2.65
0.210,0.46,3.81
0.150,0.15,2.65
0.190,0.04,2.25
0.170,0.60,3.92
0.130,0.74,4.19
0.250,0.33,3.46
0.220,0.73,4.21
0.160,0.36,3.45
0.150,0.16,2.66
0.240,0.11,2.65
0.200,0.23,3.11
0.210,0.47,3.83
0.130,0.75,4.19
0.190,0.05,2.25
0.160,0.37,3.47
0.170,0.61,3.92
0.250,0.34,3.46
0.220,0.74,4.21
0.150,0.17,2.76
0.200,0.24,3.11
0.240,0.12,2.66
0.210,0.48,3.83
0.160,0.38,3.49
0.130,0.76,4.20
0.190,0.06,2.31
0.250,0.35,3.46
0.220,0.75,4.23
0.170,0.62,4.17
0.160,0.39,3.51
0.200,0.25,3.16
0.150,0.18,2.78
0.240,0.13,2.67
0.210,0.49,3.83
0.130,0.77,4.20
0.250,0.36,3.47
0.170,0.63,4.17
0.160,0.40,3.54
0.220,0.76,4.26
0.190,0.07,2.33
0.200,0.26,3.17
0.240,0.14,2.68
0.150,0.19,2.78
0.210,0.50,3.83
0.250,0.37,3.49
0.130,0.78,4.21
0.200,0.27,3.18
0.160,0.41,3.55
0.170,0.64,4.19
0.190,0.08,2.32
0.220,0.77,4.26
0.210,0.51,3.84
0.240,0.15,2.69
0.150,0.20,2.79
0.250,0.38,3.51
0.130,0.79,4.21
0.190,0.09,2.61
0.220,0.78,4.26
0.170,0.65,4.19
0.200,0.28,3.21
0.210,0.52,3.84
0.160,0.42,3.55
0.240,0.16,2.70
0.150,0.21,2.80
0.250,0.39,3.52
0.220,0.79,4.26
0.190,0.10,2.62
0.130,0.80,4.21
0.200,0.29,3.22
0.170,0.66,4.19
0.150,0.22,3.05
0.160,0.43,3.57
0.210,0.53,3.84
0.240,0.17,2.71
0.250,0.40,3.53
0.220,0.80,4.27
0.200,0.30,3.24
0.150,0.23,3.06
0.190,0.11,2.64
0.140,0.00,2.17
0.240,0.18,2.82
0.160,0.44,3.59
0.170,0.67,4.19
0.250,0.41,3.57
0.210,0.54,3.85
0.230,0.00,2.22
0.160,0.45,3.79
0.200,0.31,3.42
0.150,0.24,3.08
0.190,0.12,2.64
0.170,0.68,4.19
0.140,0.01,2.18
0.210,0.55,3.85
0.240,0.19,2.85
0.250,0.42,3.58
0.230,0.01,2.26
0.160,0.46,3.80
0.150,0.25,3.10
0.200,0.32,3.43
0.140,0.02,2.22
0.170,0.69,4.19
0.190,0.13,2.65
0.210,0.56,3.85
0.240,0.20,3.06
0.250,0.43,3.59
0.230,0.02,2.27
0.160,0.47,3.80
0.150,0.26,3.15
0.140,0.03,2.22
0.170,0.70,4.20
0.190,0.14,2.66
0.210,0.57,3.89
0.200,0.33,3.43
0.230,0.03,2.26
0.250,0.44,3.59
0.240,0.21,3.08
0.140,0.04,2.22
0.160,0.48,3.80
0.150,0.27,3.16
0.170,0.71,4.20
0.230,0.04,2.28
0.210,0.58,3.89
0.250,0.45,3.81
0.200,0.34,3.45
0.190,0.15,2.67
0.240,0.22,3.10
0.140,0.05,2.21
0.160,0.49,3.83
0.170,0.72,4.21
0.230,0.05,2.33
0.150,0.28,3.17
0.190,0.16,2.68
0.250,0.46,3.83
0.200,0.35,3.46
0.210,0.59,3.92
0.240,0.23,3.12
0.140,0.06,2.24
0.190,0.17,2.69
0.170,0.73,4.21
0.160,0.50,3.83
0.230,0.06,2.35
0.150,0.29,3.18
0.240,0.24,3.13
0.250,0.47,3.83
0.190,0.18,2.70
0.140,0.07,2.24
0.200,0.36,3.47
0.210,0.60,4.15
0.160,0.51,3.83
0.230,0.07,2.33
0.170,0.74,4.22
0.190,0.19,2.80
0.150,0.30,3.21
0.250,0.48,3.83
0.240,0.25,3.18
0.140,0.08,2.32
0.200,0.37,3.48
0.230,0.08,2.62
0.170,0.75,4.22
0.160,0.52,3.83
0.210,0.61,4.15
0.190,0.20,2.84
0.150,0.31,3.23
0.160,0.53,3.83
0.250,0.49,3.83
0.250,0.54,3.85
0.200,0.38,3.51
0.140,0.09,2.32
0.240,0.26,3.18
0.170,0.76,4.22
0.260,0.77,4.23
0.210,0.62,4.16
0.150,0.32,3.42
0.250,0.55,3.86
0.160,0.54,3.83
0.250,0.50,3.84
0.170,0.77,4.48
0.200,0.39,3.51
0.260,0.78,4.27
0.280,0.19,2.76
0.240,0.27,3.20
0.210,0.63,4.16
0.290,0.42,3.56
0.250,0.56,3.86
0.170,0.78,4.48
0.160,0.55,3.84
0.200,0.40,3.55
0.260,0.79,4.27
0.240,0.28,3.22
0.250,0.51,3.84
0.280,0.20,3.07
0.210,0.64,4.17
0.320,0.07,2.64
0.300,0.65,4.20
0.250,0.57,3.89
0.200,0.41,3.56
0.290,0.43,3.59
0.260,0.80,4.27
0.240,0.29,3.23
0.250,0.52,3.85
0.280,0.21,3.09
0.210,0.65,4.17
0.290,0.44,3.60
0.300,0.66,4.20
0.320,0.08,2.65
0.250,0.53,3.85
0.200,0.42,3.57
0.250,0.58,3.89
0.240,0.30,3.26
0.210,0.66,4.19
0.270,0.00,2.23
0.280,0.22,3.11
0.320,0.09,2.67
0.290,0.45,3.61
0.330,0.30,3.25
0.300,0.67,4.20
0.250,0.59,3.89
0.320,0.10,2.67
0.340,0.53,3.85
0.240,0.31,3.43
0.200,0.43,3.58
0.270,0.01,2.27
0.280,0.23,3.13
0.290,0.46,3.83
0.330,0.31,3.27
0.340,0.54,3.85
0.250,0.60,3.91
0.370,0.18,2.76
0.300,0.68,4.21
0.290,0.47,3.83
0.320,0.11,2.67
0.350,0.76,4.05
0.280,0.24,3.15
0.270,0.02,2.27
0.340,0.55,3.86
0.370,0.19,2.77
0.290,0.48,3.84
0.330,0.32,3.46
0.250,0.61,3.91
0.300,0.69,4.21
0.280,0.25,3.18
0.320,0.12,2.68
0.270,0.03,2.27
0.350,0.77,4.05
0.340,0.56,3.87
0.370,0.20,2.78
0.330,0.33,3.46
0.290,0.49,3.84
0.250,0.62,4.17
0.300,0.70,4.22
0.280,0.26,3.19
0.320,0.13,2.69
0.340,0.57,3.88
0.270,0.04,2.35
0.370,0.21,3.10
0.350,0.78,4.06
0.250,0.63,4.19
0.330,0.34,3.46
0.290,0.50,3.84
0.300,0.71,4.22
0.320,0.14,2.71
0.280,0.27,3.21
0.340,0.58,3.88
0.370,0.22,3.11
0.250,0.64,4.19
0.270,0.05,2.36
0.350,0.79,4.07
0.320,0.15,2.72
0.330,0.35,3.46
0.300,0.72,4.23
0.340,0.59,3.90
0.290,0.51,3.85
0.250,0.65,4.19
0.370,0.23,3.14
0.280,0.28,3.21
0.270,0.06,2.35
0.350,0.80,4.06
0.340,0.60,3.90
0.320,0.16,2.73
0.250,0.66,4.19
0.330,0.36,3.47
0.300,0.73,4.23
0.370,0.24,3.15
0.280,0.29,3.24
0.290,0.52,3.85
0.270,0.07,2.63
0.360,0.00,2.26
0.340,0.61,3.90
0.320,0.17,2.74
0.280,0.30,3.26
0.250,0.67,4.19
0.300,0.74,4.26
0.270,0.08,2.64
0.330,0.37,3.47
0.370,0.25,3.16
0.290,0.53,3.86
0.360,0.01,2.29
0.320,0.18,2.75
0.300,0.75,4.26
0.340,0.62,3.90
0.280,0.31,3.44
0.370,0.26,3.18
0.250,0.68,4.19
0.270,0.09,2.65
0.290,0.54,3.86
0.330,0.38,3.49
0.360,0.02,2.29
0.280,0.32,3.46
0.320,0.19,2.76
0.300,0.76,4.26
0.340,0.63,3.90
0.370,0.27,3.21
0.330,0.39,3.51
0.250,0.69,4.20
0.290,0.55,3.87
0.270,0.10,2.66
0.360,0.03,2.38
0.280,0.33,3.46
0.340,0.64,3.91
0.320,0.20,2.77
0.300,0.77,4.26
0.330,0.40,3.51
0.270,0.11,2.66
0.290,0.56,3.87
0.250,0.70,4.20
0.370,0.28,3.22
0.360,0.04,2.36
0.320,0.21,3.10
0.270,0.12,2.67
0.280,0.34,3.46
0.340,0.65,3.91
0.300,0.78,4.26
0.330,0.41,3.52
0.250,0.71,4.20
0.290,0.57,3.87
0.360,0.05,2.37
0.370,0.29,3.23
0.340,0.66,3.93
0.320,0.22,3.11
0.250,0.72,4.21
0.280,0.35,3.46
0.360,0.06,2.36
0.270,0.13,2.68
0.330,0.42,3.55
0.300,0.79,4.26
0.290,0.58,3.89
0.370,0.30,3.24
0.320,0.23,3.13
0.340,0.67,3.93
0.280,0.36,3.47
0.250,0.73,4.22
0.360,0.07,2.64
0.270,0.14,2.69
0.290,0.59,3.89
0.330,0.43,3.55
0.300,0.80,4.26
0.340,0.68,3.93
0.370,0.31,3.25
0.320,0.24,3.14
0.280,0.37,3.51
0.250,0.74,4.22
0.360,0.08,2.66
0.290,0.60,3.90
0.310,0.00,2.24
0.270,0.15,2.70
0.370,0.32,3.26
0.330,0.44,3.57
0.280,0.38,3.51
0.340,0.69,3.97
0.320,0.25,3.17
0.250,0.75,4.22
0.280,0.39,3.53
0.360,0.09,2.68
0.330,0.45,3.59
0.290,0.61,3.90
0.310,0.01,2.28
0.370,0.33,3.46
0.270,0.16,2.71
0.340,0.70,4.03
0.250,0.76,4.23
0.320,0.26,3.20
0.280,0.40,3.53
0.360,0.10,2.68
0.290,0.62,3.90
0.330,0.46,3.61
0.310,0.02,2.29
0.270,0.17,2.72
0.370,0.34,3.46
0.280,0.41,3.54
0.340,0.71,4.07
0.250,0.77,4.23
0.320,0.27,3.21
0.360,0.11,2.68
0.340,0.72,4.26
0.290,0.63,4.19
0.330,0.47,3.83
0.280,0.42,3.58
0.310,0.03,2.28
0.270,0.18,2.74
0.370,0.35,3.47
0.320,0.28,3.22
0.250,0.78,4.27
0.360,0.12,2.69
0.280,0.43,3.59
0.370,0.36,3.47
0.310,0.04,2.36
0.340,0.73,4.03
0.290,0.64,4.19
0.330,0.48,3.83
0.360,0.13,2.70
0.270,0.19,2.76
0.250,0.79,4.27
0.320,0.29,3.23
0.280,0.44,3.59
0.370,0.37,3.47
0.340,0.74,4.06
0.290,0.65,4.19
0.310,0.05,2.37
0.330,0.49,3.84
0.360,0.14,2.71
0.270,0.20,3.07
0.250,0.80,4.27
0.320,0.30,3.27
0.280,0.45,3.61
0.290,0.66,4.20
0.370,0.38,3.48
0.340,0.75,4.06
0.330,0.50,3.84
0.310,0.06,2.34
0.260,0.00,2.23
0.360,0.15,2.72
0.270,0.21,3.09
0.290,0.67,4.20
0.320,0.31,3.27
0.280,0.46,3.83
0.330,0.51,3.84
0.260,0.01,2.27
0.370,0.39,3.49
0.310,0.07,2.64
0.340,0.76,4.06
0.290,0.68,4.21
0.320,0.32,3.46
0.360,0.16,2.73
0.270,0.22,3.10
0.280,0.47,3.83
0.260,0.02,2.28
0.330,0.52,3.85
0.290,0.69,4.21
0.370,0.40,3.50
0.340,0.77,4.06
0.310,0.08,2.65
0.360,0.17,2.75
0.320,0.33,3.46
0.280,0.48,3.84
0.270,0.23,3.13
0.330,0.53,3.85
0.260,0.03,2.27
0.370,0.41,3.51
0.290,0.70,4.21
0.360,0.18,2.76
0.340,0.78,4.27
0.280,0.49,3.84
0.310,0.09,2.66
0.320,0.34,3.46
0.270,0.24,3.14
0.370,0.42,3.52
0.290,0.71,4.22
0.260,0.04,2.27
0.330,0.54,3.86
0.280,0.50,3.84
0.360,0.19,2.77
0.340,0.79,4.27
0.310,0.10,2.67
0.320,0.35,3.46
0.270,0.25,3.18
0.280,0.51,3.85
0.290,0.72,4.22
0.370,0.43,3.54
0.360,0.20,3.08
0.260,0.05,2.35
0.340,0.80,4.27
0.330,0.55,3.87
0.310,0.11,2.67
0.350,0.00,2.25
0.320,0.36,3.47
0.290,0.73,4.23
0.270,0.26,3.19
0.280,0.52,3.85
0.360,0.21,3.10
0.260,0.06,2.35
0.370,0.44,3.54
0.330,0.56,3.87
0.320,0.37,3.48
0.270,0.27,3.20
0.260,0.07,2.34
0.310,0.12,2.68
0.350,0.01,2.29
0.360,0.22,3.12
0.370,0.45,3.57
0.290,0.74,4.23
0.280,0.53,3.86
0.330,0.57,3.88
0.360,0.23,3.14
0.370,0.46,3.57
0.320,0.38,3.51
0.310,0.13,2.69
0.260,0.08,2.63
0.270,0.28,3.21
0.290,0.75,4.26
0.350,0.02,2.30
0.280,0.54,3.86
0.370,0.47,3.58
0.330,0.58,3.88
0.360,0.24,3.15
0.260,0.09,2.65
0.320,0.39,3.51
0.270,0.29,3.24
0.310,0.14,2.70
0.290,0.76,4.26
0.350,0.03,2.31
0.280,0.55,3.86
0.370,0.48,3.60
0.270,0.30,3.27
0.360,0.25,3.16
0.350,0.04,2.36
0.330,0.59,3.89
0.260,0.10,2.66
0.280,0.56,3.87
0.290,0.77,4.26
0.320,0.40,3.52
0.310,0.15,2.71
0.290,0.78,4.26
0.320,0.41,3.53
0.370,0.49,3.61
0.270,0.31,3.44
0.360,0.26,3.18
0.350,0.05,2.37
0.280,0.57,3.87
0.260,0.11,2.66
0.330,0.60,3.90
0.310,0.16,2.72
0.370,0.50,3.84
0.290,0.79,4.26
0.320,0.42,3.55
0.350,0.06,2.39
0.330,0.61,3.90
0.260,0.12,2.67
0.280,0.58,3.89
0.270,0.32,3.44
0.360,0.27,3.21
0.310,0.17,2.74
0.330,0.62,3.90
0.320,0.43,3.57
0.370,0.51,3.84
0.280,0.59,3.89
0.260,0.13,2.68
0.290,0.80,4.26
0.350,0.07,2.64
0.270,0.33,3.46
0.360,0.28,3.22
0.310,0.18,2.75
0.330,0.63,3.90
0.370,0.52,3.85
0.320,0.44,3.57
0.280,0.60,3.89
0.270,0.34,3.46
0.350,0.08,2.66
0.300,0.00,2.24
0.260,0.14,2.69
0.360,0.29,3.23
0.310,0.19,2.77
0.320,0.45,3.61
0.330,0.64,3.91
0.280,0.61,3.91
0.270,0.35,3.46
0.370,0.53,3.85
0.300,0.01,2.28
0.260,0.15,2.70
0.350,0.09,2.68
0.320,0.46,3.61
0.330,0.65,3.91
0.360,0.30,3.25
0.280,0.62,3.92
0.310,0.20,2.77
0.300,0.02,2.29
0.370,0.54,3.85
0.350,0.10,2.68
0.270,0.36,3.47
0.260,0.16,2.71
0.320,0.47,3.83
0.330,0.66,3.93
0.350,0.11,2.68
0.310,0.21,3.10
0.360,0.31,3.26
0.300,0.03,2.28
0.280,0.63,4.19
0.270,0.37,3.48
0.370,0.55,3.86
0.260,0.17,2.72
0.320,0.48,3.83
0.330,0.67,4.01
0.350,0.12,2.69
0.310,0.22,3.11
0.360,0.32,3.28
0.280,0.64,4.19
0.270,0.38,3.51
0.260,0.18,2.75
0.300,0.04,2.36
0.320,0.49,3.84
0.330,0.68,4.03
0.370,0.56,3.86
0.310,0.23,3.13
0.360,0.33,3.46
0.350,0.13,2.70
0.280,0.65,4.19
0.300,0.05,2.37
0.330,0.69,4.02
0.270,0.39,3.53
0.260,0.19,2.86
0.320,0.50,3.84
0.370,0.57,3.87
0.360,0.34,3.46
0.300,0.06,2.34
0.280,0.66,4.19
0.350,0.14,2.71
0.310,0.24,3.15
0.260,0.20,3.07
0.360,0.35,3.46
0.330,0.70,4.22
0.270,0.40,3.53
0.320,0.51,3.84
0.370,0.58,3.89
0.350,0.15,2.72
0.300,0.07,2.63
0.280,0.67,4.20
0.330,0.71,4.23
0.310,0.25,3.16
0.260,0.21,3.09
0.270,0.41,3.56
0.320,0.52,3.85
0.360,0.36,3.47
0.370,0.59,3.90
0.300,0.08,2.65
0.350,0.16,2.73
0.330,0.72,4.03
0.310,0.26,3.20
0.280,0.68,4.20
0.270,0.42,3.58
0.260,0.22,3.11
0.300,0.09,2.66
0.330,0.73,4.26
0.350,0.17,2.75
0.320,0.53,3.85
0.360,0.37,3.48
0.370,0.60,3.90
0.270,0.43,3.59
0.280,0.69,4.21
0.310,0.27,3.21
0.300,0.10,2.67
0.320,0.54,3.86
0.260,0.23,3.12
0.330,0.74,4.26
0.350,0.18,2.76
0.370,0.61,3.90
0.270,0.44,3.60
0.360,0.38,3.48
0.300,0.11,2.67
0.280,0.70,4.21
0.320,0.55,3.87
0.310,0.28,3.21
0.350,0.19,2.77
0.260,0.24,3.15
0.370,0.62,3.90
0.360,0.39,3.50
0.330,0.75,4.26
0.270,0.45,3.61
0.300,0.12,2.68
0.350,0.20,3.08
0.280,0.71,4.22
0.260,0.25,3.18
0.270,0.46,3.83
0.320,0.56,3.87
0.330,0.76,4.26
0.310,0.29,3.23
0.370,0.63,3.91
0.360,0.40,3.51
0.300,0.13,2.69
0.280,0.72,4.22
0.260,0.26,3.19
0.350,0.21,3.10
0.330,0.77,4.26
0.270,0.47,3.83
0.320,0.57,3.88
0.310,0.30,3.26
0.280,0.73,4.22
0.360,0.41,3.51
0.350,0.22,3.11
0.370,0.64,3.91
0.330,0.78,4.27
0.300,0.14,2.70
0.270,0.48,3.83
0.260,0.27,3.20
0.320,0.58,3.88
0.310,0.31,3.27
0.360,0.42,3.52
0.350,0.23,3.14
0.280,0.74,4.23
0.370,0.65,3.91
0.260,0.28,3.23
0.330,0.79,4.27
0.300,0.15,2.71
0.310,0.32,3.46
0.270,0.49,3.84
0.360,0.43,3.54
0.320,0.59,3.90
0.350,0.24,3.14
0.300,0.16,2.72
0.280,0.75,4.23
0.310,0.33,3.46
0.370,0.66,3.92
0.260,0.29,3.23
0.330,0.80,4.27
0.320,0.60,3.90
0.270,0.50,3.84
0.360,0.44,3.55
0.300,0.17,2.74
0.370,0.67,3.93
0.280,0.76,4.26
0.310,0.34,3.46
0.350,0.25,3.16
0.320,0.61,3.90
0.260,0.30,3.26
0.270,0.51,3.85
0.340,0.00,2.25
0.300,0.18,2.75
0.370,0.68,3.93
0.280,0.77,4.26
0.360,0.45,3.57
0.310,0.35,3.46
0.350,0.26,3.18
0.320,0.62,3.90
0.260,0.31,3.26
0.370,0.69,3.94
0.270,0.52,3.85
0.300,0.19,2.75
0.340,0.01,2.29
0.280,0.78,4.26
0.360,0.46,3.57
0.350,0.27,3.21
0.320,0.63,3.90
0.260,0.32,3.44
0.310,0.36,3.47
0.340,0.02,2.29
0.360,0.47,3.59
0.370,0.70,3.94
0.280,0.79,4.27
0.270,0.53,3.85
0.300,0.20,3.08
0.320,0.64,3.91
0.350,0.28,3.22
0.260,0.33,3.46
0.310,0.37,3.47
0.280,0.80,4.26
0.360,0.48,3.60
0.340,0.03,2.31
0.370,0.71,3.95
0.300,0.21,3.10
0.270,0.54,3.86
0.320,0.65,3.91
0.350,0.29,3.23
0.290,0.00,2.24
0.310,0.38,3.51
0.260,0.34,3.46
0.340,0.04,2.36
0.360,0.49,3.84
0.300,0.22,3.12
0.270,0.55,3.86
0.370,0.72,3.95
0.350,0.30,3.24
0.320,0.66,4.00
0.290,0.01,2.28
0.310,0.39,3.51
0.340,0.05,2.37
0.360,0.50,3.84
0.260,0.35,3.46
0.270,0.56,3.87
0.300,0.23,3.13
0.350,0.31,3.26
0.370,0.73,3.97
0.320,0.67,4.03
0.270,0.57,3.87
0.290,0.02,2.29
0.310,0.40,3.51
0.300,0.24,3.15
0.360,0.51,3.84
0.340,0.06,2.35
0.350,0.32,3.46
0.260,0.36,3.47
0.370,0.74,3.98
0.320,0.68,4.22
0.270,0.58,3.89
0.310,0.41,3.55
0.360,0.52,3.85
0.290,0.03,2.31
0.350,0.33,3.46
0.340,0.07,2.64
0.260,0.37,3.48
0.300,0.25,3.16
0.360,0.53,3.85
0.370,0.75,4.00
0.310,0.42,3.55
0.320,0.69,4.22
0.350,0.34,3.46
0.270,0.59,3.89
0.290,0.04,2.36
0.340,0.08,2.66
0.260,0.38,3.51
0.300,0.26,3.19
0.370,0.76,4.00
0.360,0.54,3.85
0.340,0.09,2.67
0.310,0.43,3.57
0.270,0.60,3.90
0.320,0.70,4.22
0.350,0.35,3.46
0.290,0.05,2.37
0.370,0.77,4.00
0.260,0.39,3.53
0.360,0.55,3.86
0.300,0.27,3.20
0.310,0.44,3.57
0.350,0.36,3.47
0.340,0.10,2.68
0.270,0.61,3.91
0.290,0.06,2.34
0.260,0.40,3.53
0.320,0.71,4.23
0.360,0.56,3.86
0.370,0.78,4.03
0.300,0.28,3.21
0.290,0.07,2.63
0.310,0.45,3.61
0.340,0.11,2.68
0.350,0.37,3.48
0.270,0.62,3.92
0.260,0.41,3.58
0.320,0.72,4.23
0.300,0.29,3.24
0.360,0.57,3.88
0.290,0.08,2.64
0.370,0.79,4.06
0.350,0.38,3.49
0.260,0.42,3.58
0.340,0.12,2.68
0.310,0.46,3.61
0.270,0.63,4.19
0.320,0.73,4.26
0.300,0.30,3.27
0.360,0.58,3.88
0.370,0.80,4.06
0.290,0.09,2.66
0.350,0.39,3.50
0.300,0.31,3.27
0.260,0.43,3.59
0.340,0.13,2.70
0.270,0.64,4.19
0.320,0.74,4.26
0.310,0.47,3.83
0.360,0.59,3.90
0.260,0.44,3.59
0.380,0.00,2.26
0.290,0.10,2.66
0.300,0.32,3.46
0.350,0.40,3.51
0.340,0.14,2.71
0.270,0.65,4.19
0.260,0.45,3.60
0.310,0.48,3.83
0.320,0.75,4.26
0.360,0.60,3.90
0.380,0.01,2.29
0.350,0.41,3.52
0.300,0.33,3.46
0.290,0.11,2.66
0.260,0.46,3.83
0.270,0.66,4.19
0.340,0.15,2.72
0.310,0.49,3.84
0.320,0.76,4.26
0.380,0.02,2.29
0.360,0.61,3.90
0.300,0.34,3.46
0.350,0.42,3.53
0.290,0.12,2.68
0.270,0.67,4.19
0.260,0.47,3.83
0.310,0.50,3.84
0.340,0.16,2.73
0.380,0.03,2.29
0.300,0.35,3.46
0.320,0.77,4.26
0.360,0.62,3.90
0.270,0.68,4.20
0.290,0.13,2.69
0.350,0.43,3.54
0.260,0.48,3.83
0.340,0.17,2.74
0.310,0.51,3.84
0.380,0.04,2.36
0.300,0.36,3.47
0.320,0.78,4.26
0.360,0.63,3.90
0.270,0.69,4.20
0.290,0.14,2.70
0.300,0.37,3.48
0.380,0.05,2.37
0.260,0.49,3.84
0.350,0.44,3.57
0.340,0.18,2.75
0.310,0.52,3.85
0.360,0.64,3.91
0.320,0.79,4.27
0.380,0.06,2.39
0.290,0.15,2.71
0.300,0.38,3.51
0.270,0.70,4.21
0.260,0.50,3.84
0.340,0.19,2.77
0.350,0.45,3.57
0.310,0.53,3.86
0.290,0.16,2.72
0.380,0.07,2.65
0.360,0.65,3.91
0.320,0.80,4.27
0.260,0.51,3.84
0.340,0.20,3.08
0.300,0.39,3.51
0.270,0.71,4.21
0.310,0.54,3.86
0.380,0.08,2.67
0.350,0.46,3.59
0.330,0.00,2.25
0.290,0.17,2.73
0.360,0.66,3.92
0.300,0.40,3.53
0.340,0.21,3.10
0.260,0.52,3.85
0.330,0.01,2.29
0.310,0.55,3.87
0.380,0.09,2.68
0.270,0.72,4.22
0.350,0.47,3.60
0.360,0.67,3.92
0.300,0.41,3.54
0.340,0.22,3.12
0.290,0.18,2.75
0.260,0.53,3.85
0.360,0.68,3.93
0.340,0.23,3.14
0.330,0.02,2.30
0.310,0.56,3.87
0.380,0.10,2.68
0.270,0.73,4.22
0.300,0.42,3.55
0.350,0.48,3.83
0.290,0.19,2.76
0.330,0.03,2.29
0.260,0.54,3.86
0.340,0.24,3.15
0.360,0.69,3.94
0.380,0.11,2.68
0.290,0.20,3.08
0.300,0.43,3.57
0.310,0.57,3.88
0.270,0.74,4.22
0.350,0.49,3.83
0.330,0.04,2.36
0.380,0.12,2.69
0.260,0.55,3.86
0.360,0.70,3.96
0.270,0.75,4.23
0.300,0.44,3.60
0.340,0.25,3.17
0.310,0.58,3.88
0.290,0.21,3.09
0.330,0.05,2.37
0.380,0.13,2.70
0.350,0.50,3.84
0.360,0.71,3.96
0.260,0.56,3.86
0.300,0.45,3.60
0.310,0.59,3.89
0.270,0.76,4.23
0.290,0.22,3.11
0.340,0.26,3.20
0.380,0.14,2.71
0.330,0.06,2.34
0.360,0.72,3.99
0.260,0.57,3.87
0.350,0.51,3.84
0.270,0.77,4.26
0.290,0.23,3.13
0.300,0.46,3.61
0.310,0.60,3.90
0.330,0.07,2.64
0.340,0.27,3.21
0.360,0.73,4.00
0.380,0.15,2.72
0.260,0.58,3.89
0.290,0.24,3.15
0.350,0.52,3.84
0.270,0.78,4.26
0.310,0.61,3.90
0.300,0.47,3.83
0.330,0.08,2.66
0.290,0.25,3.18
0.260,0.59,3.89
0.340,0.28,3.22
0.360,0.74,3.99
0.380,0.16,2.74
0.270,0.79,4.27
0.300,0.48,3.84
0.350,0.53,3.85
0.310,0.62,3.90
0.260,0.60,3.89
0.330,0.09,2.67
0.290,0.26,3.19
0.380,0.17,2.75
0.360,0.75,3.99
0.340,0.29,3.23
0.270,0.80,4.27
0.310,0.63,3.91
0.330,0.10,2.67
0.300,0.49,3.84
0.350,0.54,3.85
0.260,0.61,3.92
0.360,0.76,4.02
0.380,0.18,2.76
0.290,0.27,3.21
0.340,0.30,3.25
0.310,0.64,3.92
0.280,0.00,2.24
0.300,0.50,3.84
0.330,0.11,2.67
0.380,0.19,2.77
0.350,0.55,3.86
0.360,0.77,4.04
0.260,0.62,3.91
0.290,0.28,3.22
0.340,0.31,3.27
0.310,0.65,4.03
0.300,0.51,3.85
0.330,0.12,2.68
0.280,0.01,2.28
0.380,0.20,2.78
0.360,0.78,4.06
0.260,0.63,4.19
0.310,0.66,4.20
0.290,0.29,3.24
0.350,0.56,3.87
0.340,0.32,3.46
0.280,0.02,2.28
0.330,0.13,2.70
0.300,0.52,3.85
0.350,0.57,3.88
0.380,0.21,3.10
0.280,0.03,2.28
0.260,0.64,4.19
0.360,0.79,4.05
0.300,0.53,3.86
0.340,0.33,3.46
0.310,0.67,4.21
0.290,0.30,3.26
0.330,0.14,2.71
0.380,0.22,3.11
0.350,0.58,3.88
0.280,0.04,2.36
0.360,0.80,4.06
0.330,0.15,2.72
0.340,0.34,3.46
0.260,0.65,4.19
0.300,0.54,3.86
0.290,0.31,3.44
0.310,0.68,4.21
0.350,0.59,3.90
0.380,0.23,3.13
0.340,0.35,3.46
0.330,0.16,2.73
0.260,0.66,4.19
0.370,0.00,2.26
0.280,0.05,2.36
0.300,0.55,3.87
0.350,0.60,3.90
0.310,0.69,4.22
0.340,0.36,3.47
0.290,0.32,3.46
0.380,0.24,3.15
0.370,0.01,2.29
0.330,0.17,2.74
0.300,0.56,3.87
0.260,0.67,4.19
0.340,0.37,3.48
0.280,0.06,2.35
0.350,0.61,3.90
0.310,0.70,4.22
0.370,0.02,2.30
0.290,0.33,3.46
0.380,0.25,3.16
0.280,0.07,2.63
0.330,0.18,2.75
0.260,0.68,4.20
0.350,0.62,3.90
0.300,0.57,3.87
0.290,0.34,3.46
0.340,0.38,3.48
0.310,0.71,4.22
0.370,0.03,2.30
0.330,0.19,2.77
0.300,0.58,3.89
0.380,0.26,3.18
0.350,0.63,3.90
0.280,0.08,2.64
0.290,0.35,3.46
0.260,0.69,4.20
0.310,0.72,4.23
0.340,0.39,3.51
0.350,0.64,3.91
0.300,0.59,3.89
0.280,0.09,2.65
0.370,0.04,2.36
0.330,0.20,3.08
0.380,0.27,3.21
0.290,0.36,3.47
0.260,0.70,4.21
0.350,0.65,3.91
0.310,0.73,4.23
0.340,0.40,3.51
0.300,0.60,3.90
0.370,0.05,2.37
0.280,0.10,2.66
0.330,0.21,3.10
0.380,0.28,3.22
0.290,0.37,3.49
0.260,0.71,4.21
0.340,0.41,3.52
0.370,0.06,2.36
0.350,0.66,3.92
0.330,0.22,3.12
0.300,0.61,3.90
0.310,0.74,4.26
0.280,0.11,2.66
0.260,0.72,4.22
0.380,0.29,3.22
0.290,0.38,3.51
0.340,0.42,3.55
0.350,0.67,3.93
0.370,0.07,2.65
0.260,0.73,4.22
0.280,0.12,2.67
0.330,0.23,3.13
0.380,0.30,3.24
0.300,0.62,3.91
0.310,0.75,4.26
0.290,0.39,3.51
0.340,0.43,3.57
0.350,0.68,3.93
0.280,0.13,2.68
0.380,0.31,3.25
0.370,0.08,2.66
0.330,0.24,3.15
0.260,0.74,4.22
0.340,0.44,3.57
0.300,0.63,3.91
0.290,0.40,3.53
0.310,0.76,4.26
0.280,0.14,2.69
0.350,0.69,3.96
0.370,0.09,2.68
0.300,0.64,3.91
0.380,0.32,3.26
0.330,0.25,3.17
0.280,0.15,2.71
0.290,0.41,3.54
0.260,0.75,4.23
0.310,0.77,4.26
0.340,0.45,3.57
0.370,0.10,2.68
0.350,0.70,3.96
0.380,0.41,3.51
0.380,0.33,3.46
0.330,0.26,3.20
0.280,0.16,2.72
0.260,0.76,4.26
0.390,0.64,3.91
0.310,0.78,4.26
0.380,0.34,3.46
0.340,0.46,3.59
0.350,0.71,3.96
0.370,0.11,2.68
0.380,0.42,3.51
0.390,0.65,3.91
0.410,0.06,2.64
0.330,0.27,3.21
0.310,0.79,4.26
0.280,0.17,2.73
0.380,0.35,3.47
0.410,0.07,2.65
0.340,0.47,3.83
0.350,0.72,4.00
0.370,0.12,2.69
0.380,0.43,3.52
0.390,0.66,3.92
0.310,0.80,4.27
0.330,0.28,3.22
0.280,0.18,2.74
0.380,0.36,3.47
0.410,0.08,2.67
0.380,0.44,3.54
0.320,0.00,2.25
0.350,0.73,4.03
0.340,0.48,3.83
0.370,0.13,2.70
0.390,0.67,3.92
0.420,0.29,3.22
0.330,0.29,3.23
0.410,0.09,2.69
0.320,0.01,2.29
0.380,0.45,3.55
0.380,0.37,3.47
0.420,0.30,3.23
0.350,0.74,4.00
0.340,0.49,3.83
0.370,0.14,2.71
0.390,0.68,3.93
0.410,0.10,2.68
0.430,0.52,3.59
0.320,0.02,2.29
0.380,0.38,3.48
0.380,0.46,3.57
0.420,0.31,3.24
0.390,0.69,3.93
0.320,0.03,2.29
0.350,0.75,4.05
0.340,0.50,3.84
0.370,0.15,2.72
0.410,0.11,2.68
0.380,0.39,3.49
0.380,0.47,3.58
0.430,0.53,3.60
0.420,0.32,3.25
0.440,0.75,3.97
0.320,0.04,2.36
0.370,0.16,2.73
0.380,0.40,3.50
0.390,0.70,3.94
0.410,0.12,2.69
0.340,0.51,3.84
0.380,0.48,3.58
0.430,0.54,3.60
0.440,0.76,3.97
0.420,0.33,3.26
0.390,0.71,3.94
0.320,0.05,2.37
0.460,0.17,2.75
0.370,0.17,2.75
0.340,0.52,3.85
0.410,0.13,2.71
0.380,0.49,3.59
0.430,0.55,3.87
0.440,0.77,3.98
0.420,0.34,3.27
0.320,0.06,2.34
0.480,0.63,3.62
0.390,0.72,3.95
0.460,0.18,2.76
0.470,0.40,3.49
0.410,0.14,2.72
0.500,0.05,2.36
0.380,0.50,3.84
0.440,0.78,3.98
0.430,0.56,3.87
0.460,0.19,2.77
0.420,0.35,3.28
0.480,0.64,3.66
0.470,0.41,3.50
0.390,0.73,3.95
0.500,0.06,2.38
0.410,0.15,2.73
0.430,0.57,3.87
0.460,0.20,2.79
0.440,0.79,3.99
0.380,0.51,3.84
0.420,0.36,3.47
0.390,0.74,3.97
0.480,0.65,3.65
0.500,0.07,2.66
0.470,0.42,3.50
0.430,0.58,3.88
0.410,0.16,2.74
0.440,0.80,3.99
0.390,0.75,3.97
0.460,0.21,2.80
0.420,0.37,3.48
0.380,0.52,3.85
0.480,0.66,3.91
0.470,0.43,3.51
0.500,0.08,2.67
0.410,0.17,2.74
0.460,0.22,3.11
0.430,0.59,3.90
0.420,0.38,3.48
0.390,0.76,3.98
0.450,0.00,2.27
0.480,0.67,3.92
0.380,0.53,3.85
0.500,0.09,2.69
0.410,0.18,2.76
0.420,0.39,3.49
0.470,0.44,3.51
0.450,0.01,2.30
0.390,0.77,4.00
0.430,0.60,3.90
0.460,0.23,3.12
0.480,0.68,3.92
0.500,0.10,2.69
0.410,0.19,2.77
0.420,0.40,3.49
0.380,0.54,3.86
0.450,0.02,2.29
0.430,0.61,3.90
0.470,0.45,3.52
0.390,0.78,3.99
0.480,0.69,3.93
0.460,0.24,3.13
0.420,0.41,3.50
0.500,0.11,2.69
0.410,0.20,2.79
0.450,0.03,2.29
0.430,0.62,3.90
0.380,0.55,3.86
0.470,0.46,3.52
0.390,0.79,3.99
0.410,0.21,3.10
0.460,0.25,3.15
0.480,0.70,3.93
0.420,0.42,3.51
0.450,0.04,2.39
0.500,0.12,2.70
0.430,0.63,3.90
0.390,0.80,4.02
0.380,0.56,3.86
0.470,0.47,3.53
0.420,0.43,3.51
0.460,0.26,3.16
0.410,0.22,3.11
0.480,0.71,3.94
0.450,0.05,2.37
0.500,0.13,2.71
0.430,0.64,3.91
0.400,0.00,2.26
0.380,0.57,3.87
0.420,0.44,3.52
0.480,0.72,3.94
0.460,0.27,3.17
0.470,0.48,3.53
0.410,0.23,3.13
0.500,0.14,2.72
0.380,0.58,3.89
0.450,0.06,2.65
0.400,0.01,2.29
0.430,0.65,3.91
0.470,0.49,3.54
0.420,0.45,3.52
0.460,0.28,3.18
0.480,0.73,3.95
0.410,0.24,3.15
0.380,0.59,3.90
0.450,0.07,2.65
0.500,0.15,2.73
0.430,0.66,3.92
0.400,0.02,2.29
0.470,0.50,3.54
0.480,0.74,3.95
0.460,0.29,3.19
0.420,0.46,3.53
0.410,0.25,3.16
0.450,0.08,2.67
0.470,0.51,3.55
0.500,0.16,2.74
0.380,0.60,3.90
0.400,0.03,2.30
0.430,0.67,3.92
0.480,0.75,3.97
0.460,0.30,3.20
0.420,0.47,3.54
0.410,0.26,3.17
0.450,0.09,2.69
0.500,0.17,2.75
0.470,0.52,3.56
0.460,0.31,3.22
0.380,0.61,3.90
0.400,0.04,2.38
0.430,0.68,3.93
0.480,0.76,3.97
0.500,0.18,2.76
0.420,0.48,3.55
0.410,0.27,3.18
0.450,0.10,2.69
0.400,0.05,2.37
0.480,0.77,3.97
0.460,0.32,3.24
0.470,0.53,3.56
0.380,0.62,3.90
0.500,0.19,2.77
0.430,0.69,3.93
0.450,0.11,2.69
0.480,0.78,3.98
0.420,0.49,3.57
0.410,0.28,3.22
0.400,0.06,2.39
0.380,0.63,3.91
0.500,0.20,2.78
0.460,0.33,3.25
0.470,0.54,3.57
0.430,0.70,3.94
0.450,0.12,2.70
0.480,0.79,3.98
0.420,0.50,3.57
0.400,0.07,2.65
0.380,0.64,3.91
0.470,0.55,3.57
0.410,0.29,3.22
0.460,0.34,3.26
0.500,0.21,2.80
0.420,0.51,3.58
0.430,0.71,3.94
0.450,0.13,2.71
0.400,0.08,2.66
0.480,0.80,3.98
0.410,0.30,3.23
0.470,0.56,3.58
0.380,0.65,3.91
0.420,0.52,3.59
0.460,0.35,3.27
0.500,0.22,3.06
0.490,0.00,2.27
0.430,0.72,3.95
0.450,0.14,2.72
0.410,0.31,3.24
0.400,0.09,2.69
0.420,0.53,3.60
0.470,0.57,3.59
0.380,0.66,3.92
0.460,0.36,3.27
0.500,0.23,3.07
0.490,0.01,2.30
0.470,0.58,3.59
0.430,0.73,3.95
0.450,0.15,2.73
0.380,0.67,3.92
0.420,0.54,3.86
0.500,0.24,3.07
0.400,0.10,2.68
0.410,0.32,3.25
0.460,0.37,3.28
0.490,0.02,2.29
0.430,0.74,3.97
0.500,0.25,3.08
0.380,0.68,3.93
0.470,0.59,3.60
0.410,0.33,3.26
0.420,0.55,3.86
0.450,0.16,2.74
0.460,0.38,3.48
0.400,0.11,2.68
0.500,0.26,3.09
0.490,0.03,2.28
0.470,0.60,3.60
0.430,0.75,3.97
0.380,0.69,3.94
0.410,0.34,3.27
0.420,0.56,3.87
0.450,0.17,2.75
0.460,0.39,3.49
0.400,0.12,2.69
0.470,0.61,3.62
0.500,0.27,3.09
0.490,0.04,2.39
0.430,0.76,3.97
0.380,0.70,3.94
0.470,0.62,3.63
0.420,0.57,3.87
0.450,0.18,2.76
0.410,0.35,3.47
0.400,0.13,2.70
0.460,0.40,3.49
0.500,0.28,3.11
0.380,0.71,3.94
0.490,0.05,2.36
0.430,0.77,3.98
0.420,0.58,3.89
0.400,0.14,2.72
0.470,0.63,3.90
0.450,0.19,2.78
0.410,0.36,3.47
0.460,0.41,3.50
0.500,0.29,3.11
0.490,0.06,2.39
0.430,0.78,3.98
0.400,0.15,2.73
0.380,0.72,3.95
0.420,0.59,3.90
0.490,0.07,2.65
0.500,0.30,3.12
0.470,0.64,3.91
0.450,0.20,2.78
0.410,0.37,3.48
0.430,0.79,3.98
0.400,0.16,2.74
0.460,0.42,3.51
0.420,0.60,3.90
0.380,0.73,3.97
0.490,0.08,2.67
0.500,0.31,3.13
0.430,0.80,3.99
0.420,0.61,3.90
0.400,0.17,2.75
0.470,0.65,3.91
0.450,0.21,3.10
0.410,0.38,3.48
0.380,0.74,3.97
0.460,0.43,3.51
0.490,0.09,2.69
0.500,0.32,3.13
0.470,0.66,3.91
0.420,0.62,3.90
0.440,0.00,2.27
0.400,0.18,2.76
0.450,0.22,3.11
0.410,0.39,3.49
0.460,0.44,3.51
0.380,0.75,4.00
0.500,0.33,3.15
0.490,0.10,2.68
0.420,0.63,3.91
0.400,0.19,2.78
0.470,0.67,3.92
0.440,0.01,2.30
0.450,0.23,3.12
0.460,0.45,3.52
0.410,0.40,3.49
0.380,0.76,3.99
0.400,0.20,2.78
0.500,0.34,3.15
0.420,0.64,3.91
0.490,0.11,2.69
0.470,0.68,3.93
0.440,0.02,2.30
0.450,0.24,3.13
0.380,0.77,4.01
0.410,0.41,3.51
0.500,0.35,3.16
0.460,0.46,3.52
0.400,0.21,3.10
0.490,0.12,2.70
0.440,0.03,2.37
0.420,0.65,3.91
0.470,0.69,3.93
0.500,0.36,3.18
0.410,0.42,3.51
0.450,0.25,3.15
0.380,0.78,4.02
0.440,0.04,2.38
0.470,0.70,3.93
0.460,0.47,3.53
0.490,0.13,2.71
0.400,0.22,3.12
0.500,0.37,3.27
0.420,0.66,3.92
0.450,0.26,3.16
0.410,0.43,3.51
0.380,0.79,4.02
0.440,0.05,2.37
0.470,0.71,3.94
0.400,0.23,3.13
0.460,0.48,3.53
0.490,0.14,2.72
0.450,0.27,3.17
0.500,0.38,3.28
0.420,0.67,3.92
0.410,0.44,3.52
0.400,0.24,3.14
0.440,0.06,2.65
0.470,0.72,3.94
0.490,0.15,2.73
0.380,0.80,4.02
0.450,0.28,3.18
0.420,0.68,3.93
0.460,0.49,3.54
0.500,0.39,3.28
0.470,0.73,3.95
0.490,0.16,2.74
0.440,0.07,2.66
0.410,0.45,3.52
0.400,0.25,3.15
0.450,0.29,3.20
0.460,0.50,3.55
0.390,0.00,2.26
0.420,0.69,3.93
0.500,0.40,3.49
0.440,0.08,2.67
0.470,0.74,3.97
0.490,0.17,2.75
0.410,0.46,3.54
0.400,0.26,3.17
0.460,0.51,3.55
0.450,0.30,3.21
0.390,0.01,2.29
0.420,0.70,3.94
0.500,0.41,3.50
0.440,0.09,2.69
0.490,0.18,2.76
0.470,0.75,3.97
0.390,0.02,2.30
0.400,0.27,3.19
0.460,0.52,3.56
0.410,0.47,3.57
0.500,0.42,3.50
0.450,0.31,3.23
0.420,0.71,3.94
0.440,0.10,2.69
0.470,0.76,3.97
0.400,0.28,3.22
0.460,0.53,3.57
0.490,0.19,2.77
0.390,0.03,2.30
0.420,0.72,3.95
0.500,0.43,3.51
0.410,0.48,3.57
0.450,0.32,3.24
0.440,0.11,2.69
0.400,0.29,3.22
0.470,0.77,3.98
0.390,0.04,2.37
0.460,0.54,3.57
0.490,0.20,2.78
0.420,0.73,3.95
0.450,0.33,3.25
0.410,0.49,3.57
0.500,0.44,3.51
0.440,0.12,2.70
0.400,0.30,3.23
0.490,0.21,2.80
0.460,0.55,3.58
0.470,0.78,3.98
0.390,0.05,2.37
0.410,0.50,3.58
0.450,0.34,3.26
0.420,0.74,3.97
0.490,0.22,3.06
0.400,0.31,3.24
0.500,0.45,3.52
0.440,0.13,2.71
0.460,0.56,3.58
0.470,0.79,3.98
0.390,0.06,2.39
0.410,0.51,3.59
0.490,0.23,3.07
0.400,0.32,3.26
0.420,0.75,3.97
0.450,0.35,3.27
0.460,0.57,3.59
0.500,0.46,3.52
0.410,0.52,3.61
0.440,0.14,2.72
0.390,0.07,2.65
0.470,0.80,3.99
0.450,0.36,3.27
0.460,0.58,3.60
0.440,0.15,2.73
0.490,0.24,3.07
0.400,0.33,3.27
0.410,0.53,3.85
0.420,0.76,3.98
0.390,0.08,2.66
0.500,0.47,3.53
0.480,0.00,2.27
0.460,0.59,3.67
0.420,0.77,3.98
0.450,0.37,3.28
0.410,0.54,3.86
0.490,0.25,3.08
0.440,0.16,2.74
0.400,0.34,3.46
0.390,0.09,2.69
0.500,0.48,3.53
0.480,0.01,2.30
0.460,0.60,3.90
0.410,0.55,3.86
0.390,0.10,2.68
0.420,0.78,3.98
0.450,0.38,3.48
0.440,0.17,2.75
0.490,0.26,3.09
0.400,0.35,3.46
0.500,0.49,3.54
0.390,0.11,2.68
0.460,0.61,3.90
0.480,0.02,2.29
0.410,0.56,3.87
0.440,0.18,2.76
0.420,0.79,3.98
0.450,0.39,3.49
0.490,0.27,3.11
0.390,0.12,2.69
0.400,0.36,3.47
0.500,0.50,3.54
0.460,0.62,3.90
0.410,0.57,3.87
0.440,0.19,2.78
0.480,0.03,2.35
0.420,0.80,3.99
0.490,0.28,3.11
0.450,0.40,3.49
0.390,0.13,2.70
0.500,0.51,3.55
0.440,0.20,2.79
0.400,0.37,3.48
0.460,0.63,3.90
0.410,0.58,3.89
0.480,0.04,2.38
0.430,0.00,2.27
0.490,0.29,3.19
0.450,0.41,3.50
0.440,0.21,3.10
0.410,0.59,3.90
0.500,0.52,3.55
0.390,0.14,2.71
0.400,0.38,3.48
0.460,0.64,3.91
0.480,0.05,2.36
0.430,0.01,2.30
0.400,0.39,3.49
0.490,0.30,3.20
0.390,0.15,2.72
0.440,0.22,3.11
0.450,0.42,3.51
0.500,0.53,3.56
0.410,0.60,3.90
0.460,0.65,3.91
0.480,0.06,2.39
0.390,0.16,2.73
0.430,0.02,2.30
0.400,0.40,3.49
0.490,0.31,3.20
0.440,0.23,3.12
0.500,0.54,3.57
0.450,0.43,3.51
0.460,0.66,3.91
0.410,0.61,3.90
0.480,0.07,2.66
0.430,0.03,2.30
0.390,0.17,2.75
0.400,0.41,3.51
0.440,0.24,3.14
0.500,0.55,3.57
0.410,0.62,3.90
0.490,0.32,3.21
0.480,0.08,2.67
0.450,0.44,3.51
0.460,0.67,3.92
0.430,0.04,2.38
0.410,0.63,3.91
0.500,0.56,3.58
0.390,0.18,2.76
0.440,0.25,3.15
0.400,0.42,3.51
0.490,0.33,3.22
0.480,0.09,2.69
0.450,0.45,3.52
0.430,0.05,2.37
0.460,0.68,3.93
0.410,0.64,3.91
0.500,0.57,3.58
0.390,0.19,2.77
0.440,0.26,3.16
0.450,0.46,3.52
0.430,0.06,2.64
0.400,0.43,3.52
0.490,0.34,3.23
0.480,0.10,2.69
0.460,0.69,3.93
0.410,0.65,3.91
0.500,0.58,3.59
0.430,0.07,2.65
0.440,0.27,3.18
0.450,0.47,3.53
0.390,0.20,2.78
0.480,0.11,2.69
0.400,0.44,3.52
0.490,0.35,3.24
0.440,0.28,3.19
0.460,0.70,3.93
0.410,0.66,3.92
0.390,0.21,3.10
0.480,0.12,2.70
0.500,0.59,3.60
0.430,0.08,2.67
0.450,0.48,3.53
0.400,0.45,3.53
0.490,0.36,3.27
0.460,0.71,3.94
0.440,0.29,3.20
0.480,0.13,2.71
0.410,0.67,3.92
0.500,0.60,3.60
0.390,0.22,3.11
0.430,0.09,2.69
0.450,0.49,3.54
0.400,0.46,3.54
0.490,0.37,3.28
0.480,0.14,2.72
0.440,0.30,3.23
0.460,0.72,3.94
0.500,0.61,3.61
0.410,0.68,3.93
0.390,0.23,3.13
0.430,0.10,2.69
0.480,0.15,2.73
0.450,0.50,3.55
0.400,0.47,3.57
0.440,0.31,3.23
0.490,0.38,3.28
0.460,0.73,3.95
0.500,0.62,3.61
0.480,0.16,2.74
0.410,0.69,3.93
0.390,0.24,3.15
0.450,0.51,3.56
0.430,0.11,2.69
0.460,0.74,3.97
0.490,0.39,3.49
0.400,0.48,3.57
0.500,0.63,3.62
0.440,0.32,3.24
0.480,0.17,2.75
0.390,0.25,3.16
0.410,0.70,3.94
0.400,0.49,3.58
0.450,0.52,3.56
0.430,0.12,2.70
0.460,0.75,3.97
0.490,0.40,3.49
0.440,0.33,3.26
0.500,0.64,3.63
0.480,0.18,2.76
0.410,0.71,3.94
0.400,0.50,3.59
0.450,0.53,3.57
0.460,0.76,3.97
0.390,0.26,3.18
0.490,0.41,3.50
0.430,0.13,2.71
0.440,0.34,3.26
0.410,0.72,3.95
0.500,0.65,3.63
0.480,0.19,2.77
0.490,0.42,3.50
0.400,0.51,3.60
0.450,0.54,3.58
0.460,0.77,3.98
0.390,0.27,3.19
0.430,0.14,2.72
0.410,0.73,3.95
0.440,0.35,3.27
0.480,0.20,2.79
0.500,0.66,3.64
0.390,0.28,3.22
0.490,0.43,3.51
0.400,0.52,3.61
0.460,0.78,3.98
0.450,0.55,3.59
0.430,0.15,2.73
0.480,0.21,2.80
0.410,0.74,3.97
0.440,0.36,3.28
0.390,0.29,3.22
0.500,0.67,3.65
0.490,0.44,3.51
0.450,0.56,3.60
0.480,0.22,3.11
0.460,0.79,3.98
0.500,0.68,3.65
0.400,0.53,3.85
0.430,0.16,2.74
0.490,0.45,3.52
0.410,0.75,3.97
0.440,0.37,3.48
0.390,0.30,3.23
0.450,0.57,3.87
0.500,0.69,3.66
0.460,0.80,3.99
0.480,0.23,3.12
0.400,0.54,3.86
0.440,0.38,3.48
0.430,0.17,2.75
0.490,0.46,3.52
0.470,0.00,2.27
0.410,0.76,3.97
0.390,0.31,3.25
0.450,0.58,3.88
0.500,0.70,3.67
0.480,0.24,3.13
0.400,0.55,3.86
0.470,0.01,2.30
0.440,0.39,3.49
0.430,0.18,2.77
0.490,0.47,3.53
0.390,0.32,3.26
0.410,0.77,3.98
0.500,0.71,3.69
0.450,0.59,3.90
0.480,0.25,3.14
0.430,0.19,2.78
0.470,0.02,2.29
0.400,0.56,3.87
0.440,0.40,3.49
0.410,0.78,3.99
0.490,0.48,3.53
0.500,0.72,3.94
0.390,0.33,3.27
0.450,0.60,3.89
0.480,0.26,3.15
0.430,0.20,2.79
0.410,0.79,3.99
0.500,0.73,3.94
0.470,0.03,2.40
0.400,0.57,3.87
0.440,0.41,3.50
0.490,0.49,3.54
0.390,0.34,3.46
0.450,0.61,3.90
0.480,0.27,3.17
0.430,0.21,3.10
0.500,0.74,3.94
0.410,0.80,4.00
0.440,0.42,3.51
0.390,0.35,3.47
0.400,0.58,3.89
0.470,0.04,2.39
0.500,0.75,3.95
0.490,0.50,3.54
0.480,0.28,3.18
0.450,0.62,3.90
0.430,0.22,3.11
0.420,0.00,2.27
0.500,0.76,3.97
0.440,0.43,3.51
0.390,0.36,3.47
0.400,0.59,3.90
0.470,0.05,2.36
0.490,0.51,3.55
0.480,0.29,3.19
0.420,0.01,2.30
0.450,0.63,3.90
0.500,0.77,3.97
0.430,0.23,3.12
0.440,0.44,3.51
0.400,0.60,3.90
0.470,0.06,2.65
0.390,0.37,3.48
0.450,0.64,3.91
0.490,0.52,3.55
0.500,0.78,3.97
0.420,0.02,2.29
0.480,0.30,3.20
0.440,0.45,3.52
0.430,0.24,3.14
0.400,0.61,3.90
0.450,0.65,3.91
0.470,0.07,2.66
0.480,0.31,3.21
0.390,0.38,3.48
0.420,0.03,2.40
0.500,0.79,3.98
0.490,0.53,3.56
0.440,0.46,3.52
0.430,0.25,3.15
0.450,0.66,3.92
0.400,0.62,3.90
0.480,0.32,3.22
0.470,0.08,2.67
0.390,0.39,3.49
0.420,0.04,2.38
0.400,0.63,3.91
0.500,0.80,3.98
0.490,0.54,3.57
0.450,0.67,3.92
0.440,0.47,3.53
0.480,0.33,3.23
0.430,0.26,3.16
0.400,0.64,3.91
0.390,0.40,3.50
0.470,0.09,2.69
0.420,0.05,2.37
0.440,0.48,3.54
0.480,0.34,3.25
0.450,0.68,3.93
0.430,0.27,3.18
0.490,0.55,3.58
0.400,0.65,3.91
0.470,0.10,2.69
0.390,0.41,3.51
0.440,0.49,3.54
0.480,0.35,3.27
0.420,0.06,2.64
0.450,0.69,3.93
0.490,0.56,3.58
0.400,0.66,3.92
0.430,0.28,3.19
0.390,0.42,3.51
0.470,0.11,2.69
0.480,0.36,3.27
0.440,0.50,3.55
0.450,0.70,3.94
0.490,0.57,3.58
0.420,0.07,2.65
0.400,0.67,3.92
0.430,0.29,3.22
0.470,0.12,2.69
0.400,0.68,3.93
0.390,0.43,3.52
0.420,0.08,2.67
0.450,0.71,3.94
0.480,0.37,3.28
0.440,0.51,3.56
0.430,0.30,3.23
0.490,0.58,3.59
0.420,0.09,2.69
0.400,0.69,3.93
0.450,0.72,3.95
0.470,0.13,2.71
0.390,0.44,3.53
0.430,0.31,3.24
0.480,0.38,3.28
0.440,0.52,3.57
0.400,0.70,3.94
0.490,0.59,3.60
0.450,0.73,3.97
0.470,0.14,2.72
0.420,0.10,2.69
0.430,0.32,3.25
0.390,0.45,3.53
0.440,0.53,3.58
0.400,0.71,3.94
0.490,0.60,3.60
0.480,0.39,3.49
0.470,0.15,2.73
0.450,0.74,3.97
0.390,0.46,3.55
0.420,0.11,2.69
0.440,0.54,3.59
0.430,0.33,3.26
0.480,0.40,3.49
0.400,0.72,3.95
0.490,0.61,3.61
0.450,0.75,3.97
0.470,0.16,2.74
0.390,0.47,3.57
0.420,0.12,2.70
0.440,0.55,3.60
0.430,0.34,3.26
0.480,0.41,3.50
0.490,0.62,3.62
0.400,0.73,3.97
0.470,0.17,2.75
0.450,0.76,3.97
0.420,0.13,2.71
0.430,0.35,3.28
0.490,0.63,3.62
0.390,0.48,3.58
0.480,0.42,3.50
0.440,0.56,3.87
0.400,0.74,3.97
0.430,0.36,3.28
0.470,0.18,2.76
0.420,0.14,2.72
0.490,0.64,3.63
0.450,0.77,3.98
0.430,0.37,3.48
0.390,0.49,3.59
0.420,0.15,2.73
0.480,0.43,3.51
0.490,0.65,3.64
0.400,0.75,3.97
0.440,0.57,3.87
0.470,0.19,2.77
0.450,0.78,3.98
0.420,0.16,2.74
0.430,0.38,3.48
0.490,0.66,3.64
0.470,0.20,2.78
0.390,0.50,3.60
0.400,0.76,3.97
0.480,0.44,3.51
0.440,0.58,3.88
0.420,0.17,2.75
0.450,0.79,3.98
0.390,0.51,3.60
0.430,0.39,3.49
0.490,0.67,3.65
0.400,0.77,3.98
0.470,0.21,2.80
0.480,0.45,3.52
0.440,0.59,3.90
0.450,0.80,3.99
0.420,0.18,2.76
0.490,0.68,3.67
0.440,0.60,3.90
0.470,0.22,3.11
0.390,0.52,3.85
0.430,0.40,3.49
0.400,0.78,3.99
0.480,0.46,3.52
0.460,0.00,2.27
0.490,0.69,3.93
0.440,0.61,3.90
0.420,0.19,2.77
0.400,0.79,3.99
0.430,0.41,3.50
0.390,0.53,3.85
0.470,0.23,3.12
0.490,0.70,3.93
0.480,0.47,3.53
0.460,0.01,2.30
0.440,0.62,3.90
0.420,0.20,2.79
0.430,0.42,3.51
0.470,0.24,3.13
0.400,0.80,4.00
0.390,0.54,3.86
0.490,0.71,3.94
0.480,0.48,3.53
0.440,0.63,3.90
0.460,0.02,2.30
0.480,0.49,3.54
0.420,0.21,3.10
0.430,0.43,3.51
0.390,0.55,3.86
0.410,0.00,2.27
0.470,0.25,3.14
0.490,0.72,3.94
0.440,0.64,3.91
0.460,0.03,2.40
0.480,0.50,3.54
0.420,0.22,3.11
0.430,0.44,3.52
0.460,0.04,2.39
0.470,0.26,3.16
0.490,0.73,3.94
0.390,0.56,3.87
0.440,0.65,3.91
0.410,0.01,2.29
0.420,0.23,3.12
0.480,0.51,3.55
0.460,0.05,2.36
0.490,0.74,3.95
0.440,0.66,3.92
0.430,0.45,3.52
0.470,0.27,3.17
0.390,0.57,3.87
0.410,0.02,2.29
0.420,0.24,3.14
0.460,0.06,2.39
0.480,0.52,3.56
0.490,0.75,3.95
0.440,0.67,3.92
0.430,0.46,3.53
0.390,0.58,3.89
0.470,0.28,3.18
0.420,0.25,3.15
0.410,0.03,2.30
0.460,0.07,2.65
0.490,0.76,3.97
0.440,0.68,3.93
0.480,0.53,3.56
0.430,0.47,3.53
0.470,0.29,3.19
0.390,0.59,3.90
0.420,0.26,3.16
0.490,0.77,3.97
0.460,0.08,2.68
0.410,0.04,2.38
0.440,0.69,3.93
0.430,0.48,3.54
0.480,0.54,3.57
0.470,0.30,3.20
0.460,0.09,2.69
0.390,0.60,3.90
0.420,0.27,3.18
0.490,0.78,3.97
0.410,0.05,2.37
0.440,0.70,3.94
0.480,0.55,3.58
0.470,0.31,3.21
0.420,0.28,3.19
0.430,0.49,3.55
0.460,0.10,2.69
0.440,0.71,3.94
0.390,0.61,3.90
0.490,0.79,3.98
0.480,0.56,3.58
0.430,0.50,3.56
0.470,0.32,3.22
0.440,0.72,3.95
0.490,0.80,3.98
0.460,0.11,2.69
0.390,0.62,3.90
0.480,0.57,3.58
0.470,0.33,3.24
0.500,0.00,2.27
0.430,0.51,3.57
0.460,0.12,2.69
0.440,0.73,3.97
0.390,0.63,3.91
0.480,0.58,3.59
0.470,0.34,3.26
0.500,0.01,2.30
0.460,0.13,2.71
0.440,0.74,3.97
0.470,0.35,3.27
0.480,0.59,3.60
0.500,0.02,2.29
0.460,0.14,2.72
0.470,0.36,3.27
0.480,0.60,3.60
0.500,0.03,2.28
0.460,0.15,2.73
0.470,0.37,3.28
0.480,0.61,3.61
0.500,0.04,2.39
0.460,0.16,2.74
0.470,0.38,3.48
0.480,0.62,3.62
0.470,0.39,3.49
